chr pos logPval
21 5217372 5e-04
21 5219403 5e-04
21 5220828 5e-04
21 5221004 5e-04
21 5227482 0.12670991302984
21 5227553 0
21 5228266 5e-04
21 5229282 5e-04
21 5248587 0.849698726930852
21 5253565 8e-04
21 5253642 8e-04
21 5312156 5e-04
21 5313426 5e-04
21 5313482 0.0894270761829337
21 5327283 1e-04
21 5358004 0.625137775010458
21 5374227 0.490097694377701
21 5374386 5e-04
21 5374604 8e-04
21 7929135 2
21 8039763 2
21 8686262 0.2451
21 8691243 0.0442478575165484
21 8782283 0.0961
21 8997326 0.0329
21 9003791 0
21 9012870 2
21 9023111 1.16865961204083
21 9023156 2
21 9026011 0.2384
21 9038094 0.67159552858655
21 9626524 0.767535753618365
21 9633715 0.134806828867749
21 9745157 5e-04
21 9753938 2
21 9766661 2
21 9778204 2
21 9788632 2
21 9848449 0.46379884701075
21 9853559 0.140148864186452
21 9869348 1.51282081273082
21 9893633 2
21 9893739 2.74845106575546
21 9911765 1.53083147012109
21 10052145 5e-04
21 10149347 0.165584521368418
21 10324864 0
21 10325457 1.27547655865789
21 10357219 0.142891133461552
21 10367182 0
21 10434823 5e-04
21 10516432 5e-04
21 10516932 0.185901770264546
21 10517970 8e-04
21 10521290 8e-04
21 10607743 0.529433631163094
21 10611719 1.28265327051624
21 10616130 1.15481181319585
21 10620373 0.474606458334522
21 10625760 2.27268771500566
21 10643320 0.0116109196425348
21 10649611 0.0359674743799944
21 10651769 0.270562017749797
21 10652169 2.84172640681133
21 10652318 0.683761494971681
21 10652534 0.657497943617627
21 10659485 0.581236677391399
21 10662511 1.10856643699954
21 10671062 0.409382054398811
21 10674815 0.135991051848498
21 10679639 0.0845664211717803
21 10682997 0.41765408160609
21 10696562 1.22798220036446
21 10699958 0.478276424579732
21 10702629 0.40702747259097
21 10709746 2.02234105987667
21 10709916 1.29551773087824
21 10712196 0.915414193783461
21 10715534 5e-04
21 10722297 1.76348206007535
21 10727725 0.0158926638844379
21 10729348 0.804959936149519
21 10730992 0.958819117031857
21 10740080 1.20203222029256
21 10748623 0.517406562801542
21 10757498 0.315373493909017
21 10757584 1.51246941705274
21 10769856 2
21 10771943 0.742263822817556
21 10773545 0.41219896525383
21 10776361 0.18977170101478
21 10783613 0.62333041172508
21 10783722 0.259093860175782
21 10791200 2
21 10798848 0.1027
21 10806806 5e-04
21 10811921 5e-04
21 10813679 5e-04
21 10814524 1.11876182296486
21 13151471 2
21 13161170 8e-04
21 13245953 1.2491
21 13247733 1.2491
21 13248548 1.2491
21 13255133 3.7266
21 13259328 1.2643
21 13271422 1.2797
21 13275836 1.1897
21 13281034 1.2797
21 13283230 3.7266
21 13293652 2
21 13330646 0.2206
21 13337421 2
21 13339486 2
21 13358676 2
21 13373279 5e-04
21 13374907 2
21 13386623 2
21 13388867 2
21 13389053 2
21 13389643 2
21 13402409 2
21 13408557 2
21 13411772 2
21 13425270 2
21 13434780 5e-04
21 13446084 2
21 13455387 2
21 13458505 2
21 13464939 1.9713
21 13472998 2.7832
21 13480981 2.0525
21 13492854 2.6381
21 13501721 2.0109
21 13503508 0.5633
21 13504891 1.9335
21 13507794 2.4672
21 13514758 1.7968
21 13519472 3.0476
21 13519873 2.6747
21 13543163 3.3289
21 13545284 2.0963
21 13547084 2.3019
21 13550066 0.5431
21 13557914 1.6927
21 13558569 2.0963
21 13575828 1.3943
21 13576994 1.704
21 13651963 0.0571
21 13764658 0.0045
21 13781870 0.620907643934954
21 13792668 0.137430223356878
21 13793448 0.0972696290358185
21 13795569 1.88545489574386
21 13797634 0.789188500312056
21 13810266 0.2931
21 13826925 2
21 13828759 2
21 13829846 2
21 13831178 0.6234
21 13831304 2
21 13832456 0.6372
21 13836166 0.0898
21 13842257 2
21 13847526 1.6575
21 13870341 1.71714498887945
21 13870974 2
21 13885150 2.8716
21 13895200 0.0561
21 13899164 1.22
21 13900048 0.0502
21 13900578 0.40070819292179
21 13901214 0.7105
21 13902264 2.0321
21 13902561 2.0912
21 13902793 2.2194
21 13903660 1.9765
21 13905658 2.0912
21 13907878 2
21 13916347 2.0639
21 13916705 0.319
21 13927002 2.4753
21 13929474 2
21 13934933 0.385760710773179
21 13935359 1.051
21 13935795 1.051
21 13936389 1.0873
21 13938720 0.0898
21 13939288 2
21 13949119 2
21 13968866 2
21 13978101 1.0194
21 13978686 0.001871893750351
21 13980560 1.41183250650559
21 13981522 4e-04
21 13982349 0.447071018718989
21 13991169 0.0445
21 13996028 1.7138
21 13999928 0.0764
21 14000501 2
21 14003874 1.29390297509573
21 14013702 0.9973
21 14014161 0.174273983060327
21 14018524 0.320324758210992
21 14037494 0.638
21 14039175 2
21 14045346 2.1208
21 14055791 2
21 14060233 1e-04
21 14061525 2
21 14063039 2.9795
21 14063043 1.2949
21 14073373 1.9617
21 14076497 1.1827
21 14076614 2.8716
21 14077248 5e-04
21 14084307 2
21 14085374 2
21 14087115 0.8342
21 14092995 2
21 14096080 2
21 14097290 2
21 14100162 2
21 14102828 2
21 14106242 0
21 14115120 2
21 14119933 2
21 14122300 2
21 14124995 1.0683
21 14127475 0.9116
21 14138200 0.9116
21 14138201 0.9116
21 14159165 0.1546
21 14167293 0.1546
21 14168322 0.3222
21 14171167 2.9958
21 14173069 1.9349
21 14197529 0.5299
21 14216958 0.8349
21 14220022 0.8349
21 14222101 3.1094
21 14225276 2.4519
21 14232681 0.4982
21 14232844 0.4982
21 14238712 0.8896
21 14239478 0.4982
21 14244963 0.8896
21 14246811 1.17590442284608
21 14256853 0.378035744883909
21 14258195 1.6872
21 14259172 0.180358681757547
21 14269147 0.1671
21 14274084 1.8411
21 14275833 1.8411
21 14275858 1.8411
21 14276446 0.8313
21 14278398 0.486739111228613
21 14280744 0.4793
21 14281103 0.6018
21 14297104 0.596289249018881
21 14303667 2.1702
21 14314800 1.0305897304803
21 14321521 1.52816855368882
21 14321956 0.1004
21 14330405 0.49102620038679
21 14332717 0.7615
21 14332761 0.2661
21 14344123 0.4034
21 14356879 0.682225087455059
21 14359585 0.301251913118772
21 14367845 0.651406905675151
21 14372855 0.9072
21 14372948 0.8239
21 14391123 3.1195
21 14393699 1.0433
21 14403395 0.4056
21 14407099 0.1499
21 14409808 1.082
21 14429726 3.1198
21 14473240 0.419337999490065
21 14473490 1.20778755249359
21 14481114 0.466538272297538
21 14512154 1.0584
21 14514295 0.3997
21 14514670 0.3997
21 14530098 2.4916
21 14536054 0.8432
21 14540743 2.3486759236493
21 14549928 1.7061820041649
21 14555370 0.380706381923726
21 14569688 2.2664
21 14577243 1e-04
21 14578460 2
21 14582339 2
21 14584635 2
21 14598901 0.602
21 14619465 0.1516
21 14620426 1.3234
21 14632081 0.4398
21 14640295 1.471
21 14641006 2
21 14646523 0.8932
21 14647466 2
21 14652652 1.471
21 14653945 2
21 14659935 2
21 14679425 2
21 14683800 2
21 14697809 2
21 14702403 2
21 14704099 1.00307143900292
21 14704381 0.584942869224848
21 14704617 0.657283313515851
21 14705673 0.817838767508334
21 14706819 2
21 14706913 2
21 14711840 2
21 14713085 2
21 14718309 0.4129
21 14725397 2
21 14729869 2
21 14737984 0.064
21 14745483 2.0328
21 14751223 0.2317
21 14754582 1.2988
21 14756350 1.3802
21 14760589 1.62184058580234
21 14766326 2
21 14768821 2
21 14770129 0.5314
21 14772331 0.5084
21 14773562 0.5314
21 14779947 0.5314
21 14781677 0.5084
21 14783726 2.09167053831523
21 14794190 1.62185739344457
21 14798898 0.169510501091318
21 14804976 1.2957502725324
21 14806341 0.608
21 14818997 0.608
21 14821612 0.608
21 14841480 0.8336
21 14851267 2
21 14860685 1.7426
21 14866242 2
21 14878900 0.8967
21 14894032 0.6342
21 14899559 0.6342
21 14905739 0.0078
21 14910548 0.6039
21 14937170 0.8419
21 14941763 0
21 14941768 0.0897
21 14962017 0
21 14982694 2
21 14991038 0.8357
21 15048979 2
21 15060417 2
21 15068641 0.7084
21 15068968 2
21 15070919 3.0017
21 15078597 0.5154
21 15082807 0.2635
21 15083452 1.5386
21 15115465 0.6414
21 15116026 2
21 15141022 2
21 15171724 1.3247
21 15174962 1.3247
21 15177149 1.5963
21 15188058 0.8824
21 15191320 1.5306
21 15212672 0.8682
21 15218742 0.8403
21 15220864 1.0199
21 15248253 0.9101
21 15272257 1.1103
21 15325196 2
21 15341924 3.1572
21 15367049 2
21 15391448 2
21 15393794 2
21 15400255 2
21 15414149 1.0348
21 15415417 1.0348
21 15418480 1.0495
21 15426144 1.0205
21 15434390 1.658
21 15435430 1.658
21 15439677 1.658
21 15447940 1.6302
21 15462572 1.1573
21 15516736 1.3596
21 15521626 2
21 15530040 2
21 15540914 2
21 15542458 2
21 15543047 2
21 15544198 1.47455574057488
21 15544308 2
21 15545375 2
21 15549810 2
21 15551470 5e-04
21 15558662 0.7997
21 15605249 0.423257617455599
21 15609027 3.33077381275965
21 15619801 0.191076861139232
21 15625692 1.06106136534507
21 15627049 1.0786
21 15635882 0.127311674116125
21 15654041 1.1661
21 15656379 1.30515695386703
21 15659158 1.69482889647832
21 15665662 2
21 15706530 1.49032631687486
21 15727956 0.7166
21 15939752 0.7587
21 15941873 2.1395
21 15947339 0.993
21 15955724 0.4333
21 15956237 1.0104
21 15956701 0.161848479903335
21 15965000 2.5666
21 15965238 2.5329
21 15968481 0.158075650326574
21 15978687 0.2286
21 15982519 0.2066
21 15990391 1.00867322871282
21 15997519 0.363538289708341
21 16002644 0.137232795583568
21 16003397 0.236054661577136
21 16012830 0.242999764487492
21 16014534 0.348135784483468
21 16015610 0.318891171434157
21 16015879 5e-04
21 16034813 0.2301
21 16046362 1.3534
21 16061358 2
21 16061946 2
21 16080746 2
21 16082590 2
21 16087040 3.4204
21 16108572 2
21 16156873 2
21 16161410 2
21 16213502 1.75536157061842
21 16219282 0.683132815470317
21 16227410 0
21 16232386 0.236999612218541
21 16233479 0.0053
21 16258831 0.2494
21 16268534 2.4244
21 16275135 2
21 16293268 1.60559103405093
21 16329273 0.0215
21 16357494 0
21 16361400 0.0214
21 16362143 1.8807
21 16363113 2e-04
21 16371447 0.0621
21 16372033 0
21 16374000 0.0561
21 16374400 0.0561
21 16375292 0.0078
21 16383687 1.0618
21 16384880 0.0425
21 16390323 0.0425
21 16390706 0.8244
21 16397420 0.722
21 16419050 2
21 16422688 0.2924
21 16433434 2
21 16455317 1.01054512362305
21 16455971 2
21 16481747 5e-04
21 16598554 2.9877
21 16626730 2
21 16629291 2
21 16631376 0.5281
21 16633125 3.2505
21 16634731 0.5281
21 16635668 0.5281
21 16636362 0
21 16638491 0.1101
21 16644446 0.2096
21 16645671 0.2096
21 16647784 0.2096
21 16656793 0.2779
21 16666113 0.2779
21 16671032 0.3221
21 16671757 0.2779
21 16673255 0.3221
21 16675274 0.3773
21 16677075 0.2554
21 16678212 2
21 16678941 0.7116
21 16680672 0.1021
21 16687663 0.3473
21 16692223 0.8763
21 16702608 0.7074
21 16713163 2
21 16718201 2
21 16718698 2
21 16720419 2
21 16732070 0.0650878320153531
21 16747171 0.9201
21 16747948 0.9201
21 16748387 0.7385
21 16757340 0.9201
21 16758675 0.9201
21 16772237 5e-04
21 16784032 0.8094
21 16808619 0.9824
21 16822273 0.2059
21 16824603 0.7789
21 16836401 0.889
21 16837236 0.889
21 16844600 1.2026
21 16857497 1.6047
21 16863267 2
21 16864272 2
21 16874778 1.7807
21 16879807 2
21 16886626 2
21 16892297 2
21 16895981 0.6916
21 16901753 0.4689
21 16903280 2
21 16906159 0
21 16907206 0
21 16913154 2
21 16916810 0.2371
21 16928283 2
21 16944822 0.610871186551309
21 16972212 5e-04
21 16972483 0.3706
21 16979886 2
21 16987495 1.2569
21 16988542 2.3045
21 16988908 2
21 16996302 2
21 16998092 1.2569
21 17009021 2
21 17013556 2
21 17028010 0.171307124079621
21 17029180 0.1703
21 17029561 0.1703
21 17031202 2
21 17049955 0.093
21 17053415 2
21 17063698 2
21 17084893 2
21 17088070 2
21 17100203 2
21 17100328 2
21 17100388 0.627898832648018
21 17124388 2
21 17128734 2.37173595289918
21 17133217 1.01439314151718
21 17138838 2
21 17149964 1.7814928845184
21 17166820 0.00245346048081315
21 17168149 0.7081
21 17173531 1.41073194329622
21 17177466 2
21 17180666 0.6274
21 17186862 2
21 17192497 2
21 17199533 0.151819604259118
21 17201402 2
21 17207817 0.516042281003569
21 17237589 2
21 17250559 1.0214
21 17254831 1.3705
21 17260556 0.3164
21 17262012 0
21 17267646 0.491
21 17269207 0.491
21 17270310 0.491
21 17274160 0.491
21 17291308 0.491
21 17291765 0.768
21 17296208 0.491
21 17298978 0.491
21 17300266 0.768
21 17301590 0.504
21 17316353 0.5551
21 17318262 0.3805
21 17322311 2.443
21 17323746 0.7571
21 17349343 2.6705
21 17350404 0.5918
21 17352215 0.5986
21 17365390 3.1952
21 17371414 0.5176
21 17374369 0.6887
21 17375482 0
21 17376457 0.6723
21 17383824 0.6723
21 17387682 3.2982
21 17413436 2
21 17432396 0
21 17433303 2
21 17433638 0.5215
21 17444014 1.3426
21 17451326 2
21 17453826 1.639
21 17459755 0.643099850385474
21 17462328 1.5806
21 17464103 2.3299
21 17468836 2.3299
21 17470749 0.7552
21 17476641 1.0304
21 17483334 1.2033
21 17483379 1.5043
21 17487621 2
21 17489096 2
21 17490646 2
21 17493271 1.1599
21 17501158 0.2511
21 17503693 0
21 17506614 0.3969
21 17508963 0
21 17508970 5e-04
21 17510372 3.2515
21 17515165 0.367
21 17515283 0.367
21 17520407 0.367
21 17531438 1.8035
21 17538189 1.7739
21 17554291 0.666409638291639
21 17557016 0.2055
21 17559678 2.21841758020419
21 17560125 0.2913
21 17562981 0.2913
21 17586401 2
21 17592040 2
21 17594406 2
21 17622404 1.9944
21 17629828 3.0001
21 17660631 0.4682
21 17662593 0.3478
21 17682642 0.3958
21 17682757 0.258
21 17698120 0.5155
21 17704129 0.3314
21 17707370 0.3314
21 17738453 0.7039
21 17770827 2
21 17786289 0.6095
21 17787206 1.1856
21 17787983 1.1939
21 17789231 0.4529
21 17808161 1.1168
21 17824398 2
21 17847114 2.0999
21 17864027 0.623324292376051
21 17864543 0.503053168082215
21 17865545 0.967555308254046
21 17865810 0.386600114304636
21 17902188 1.22344299381075
21 17915048 0.797616640932167
21 17939483 0.5841
21 17939924 2
21 17943553 0.491509891549926
21 17945634 0.398659656931984
21 17947879 2
21 17954664 0
21 17963314 0.410346013235186
21 17963817 2
21 17964750 2
21 17968094 2.7394
21 17977503 0
21 17985473 0.34091466184096
21 17994330 0.379036866895276
21 18003650 1.0016
21 18028730 0.578358844270917
21 18031736 1.2834
21 18040638 2
21 18043334 1.6948
21 18060182 1.0815
21 18060535 1.0815
21 18075160 1.0686
21 18086976 0.0106
21 18089451 0.244874727474468
21 18096054 2
21 18109641 0.1084
21 18111087 0.1885
21 18111410 0.3843
21 18111950 0.5567
21 18116898 0.4053
21 18135702 2
21 18154333 2
21 18171904 0.0965883144932713
21 18177492 2
21 18183699 1.2123
21 18201098 1.3925
21 18205198 2
21 18233127 1.0254
21 18241523 1.1338
21 18249106 0.5751
21 18263406 1.7029
21 18267779 1.9106
21 18270317 1.7029
21 18289006 0.1143
21 18289064 2
21 18291796 0.9434
21 18292654 0.1143
21 18308886 1.2762
21 18310249 2
21 18314642 0.5156
21 18321147 2
21 18324698 2
21 18335302 2
21 18348023 1.0436
21 18361151 2
21 18361868 2
21 18365574 2
21 18365584 0.3085
21 18390043 1.217
21 18398933 0.5082
21 18417975 2
21 18424970 0.692
21 18436761 0.9816
21 18452475 0.3875
21 18504794 2
21 18509194 2
21 18509809 2
21 18513079 1.2574
21 18516434 2
21 18541258 2
21 18557791 0.8519
21 18558604 0.7743
21 18568317 0.9038
21 18571930 0.7861
21 18590590 0
21 18595803 1.374
21 18611532 0.9038
21 18654518 0.2983
21 18668367 0.3975
21 18674550 0.465960938184294
21 18682122 5e-04
21 18691048 0.765855277419844
21 18695826 0.185420728045351
21 18698965 2
21 18710692 0.470195478874284
21 18717609 2
21 18721149 2
21 18721304 1.0384
21 18734262 2
21 18735020 2
21 18736209 2
21 18738831 2
21 18740122 0.867905687773743
21 18744539 2
21 18744653 2
21 18750474 2
21 18754676 1.945
21 18766798 0.244747448959827
21 18767466 2
21 18769540 1.5103
21 18772409 1.256
21 18774050 1.2278
21 18778132 1.2278
21 18782317 2
21 18783986 1.2465
21 18784867 1.2281
21 18790939 5e-04
21 18802184 2.2966
21 18811458 0.9027
21 18815859 1.308
21 18817641 1.3306
21 18821328 2
21 18828801 0.494553205680452
21 18830222 0.919426553676516
21 18832685 0.174871090409567
21 18832761 0.114394144185451
21 18837376 0.7493
21 18837669 2.05359757350507
21 18839198 0.25694574538508
21 18845113 0.515096178205515
21 18846308 1.09413534974192
21 18849429 0.0169333854671002
21 18850864 0.0916019980976098
21 18854283 0.821557956123031
21 18865520 0.348
21 18869140 0.458233545617775
21 18872753 0.493143020424885
21 18875950 1.38565969281495
21 18879395 0.217250308873073
21 18880038 1.0325
21 18893437 0.8521
21 18897931 1.0385
21 18920859 0.1129
21 18936687 0.8524
21 18960128 0.9762
21 18967609 0.8886
21 18967807 0.8609
21 18971066 0.8609
21 18982539 1.2984
21 18987762 0.715
21 18990058 0.8689
21 18994023 0.6345
21 19012665 1.7008
21 19013719 0.4852
21 19024233 1.7008
21 19029086 0.2851
21 19031847 2.3799
21 19035819 2
21 19036684 1.7621
21 19037732 0.6117
21 19041477 1.367
21 19042488 1.3336
21 19043631 2
21 19043968 2
21 19044568 2
21 19046073 2
21 19053745 2
21 19059787 2
21 19063705 2
21 19070413 2
21 19078452 2
21 19081671 2
21 19096488 2
21 19098847 0.589
21 19140220 0.416665283386908
21 19145975 1.24449941669388
21 19150250 1.97843357928364
21 19154029 2
21 19169330 2
21 19170280 3.115
21 19173319 0.247
21 19175348 0.1761
21 19176686 0.2641
21 19178502 2
21 19188108 2
21 19188903 2
21 19189622 0.491445048561079
21 19198854 2
21 19202262 2
21 19207244 2
21 19208456 0.976176919327071
21 19214533 0.1761
21 19214942 2
21 19219415 2
21 19223756 2
21 19224911 0.1761
21 19227666 2
21 19242216 2
21 19246126 3.416
21 19257607 2
21 19266664 0.4698
21 19269486 2.3651
21 19270989 2
21 19272894 2
21 19292918 3.416
21 19304049 0.4565
21 19310563 2
21 19312047 0.917
21 19313359 2
21 19313807 3.4224
21 19337473 0.0053
21 19348577 2
21 19352493 2
21 19362833 0.6145
21 19389930 0.9027
21 19415898 0.0107
21 19422704 2
21 19424494 0.2963
21 19441865 2
21 19445512 0.0218
21 19462097 1.3011
21 19463331 1.3011
21 19463588 0.4515
21 19474271 2
21 19481615 0.4586
21 19483754 2.234
21 19484661 0.149123859347167
21 19489655 2.234
21 19490370 1.16934564879935
21 19496290 2
21 19497674 2.234
21 19502257 2
21 19504178 2
21 19510520 2
21 19524245 2
21 19549033 0.9056
21 19551179 0.107
21 19553290 2
21 19553343 0.1201
21 19557313 1.702
21 19567768 2e-04
21 19577482 2
21 19593279 1.3942
21 19594402 1.5238
21 19595930 2.9356
21 19598074 2.9609
21 19598879 2.9609
21 19604882 2.9609
21 19620998 1.4384
21 19644181 1.4132
21 19646769 1.438
21 19651340 1.6771
21 19651517 0.2585
21 19656762 0.8351
21 19662778 0.6849
21 19664861 1.4417
21 19685724 2
21 19686980 1.5704
21 19690059 2
21 19699278 1.6036
21 19700984 2
21 19703795 0.4774
21 19714295 2
21 19716712 2
21 19725093 0.2744
21 19725208 0
21 19735834 2
21 19736760 3.0378
21 19736770 1.824
21 19741393 2
21 19743038 2
21 19743401 2
21 19743521 2
21 19755999 2
21 19758495 2
21 19780855 1.8968
21 19796780 2
21 19813453 2
21 19821651 1.8968
21 19822041 2
21 19827117 1.8968
21 19827933 1.8968
21 19829068 1.8968
21 19829520 1.8968
21 19833434 1.8968
21 19843043 2.1362
21 19860919 1.7039
21 19862431 1.3013
21 19866468 2
21 19872223 0.5349
21 19887855 3.601
21 19893782 0.681348031391728
21 19895688 2
21 19900601 2
21 19911430 1.503
21 19929661 2
21 19933455 0.0824246908086892
21 19936849 1.89675809600475
21 19973863 0.94996541231641
21 19981824 0.422439408589616
21 19986037 2
21 19988688 0.545933257918215
21 19989082 3.4204
21 19997808 2
21 20004399 2
21 20046806 2
21 20057928 0.3274
21 20058693 0.3787
21 20075679 0.8903
21 20076577 0.3274
21 20103148 0.5266
21 20111161 0.5266
21 20119172 0.588
21 20127578 0.588
21 20192658 0.9225
21 20221062 0.9225
21 20225349 5e-04
21 20261804 0.6966
21 20264666 0.7192
21 20269422 2
21 20275660 2
21 20280834 2.5345
21 20282081 0.5054
21 20293523 1.65772113915198
21 20295568 0.374915023200436
21 20300392 3e-04
21 20304194 0.5351
21 20315360 0.9601
21 20332136 0.8332
21 20337760 2.22492816608256
21 20340229 0.448656671064597
21 20358481 0.2054
21 20368610 0.9471
21 20370297 2
21 20390606 1.19948264947111
21 20391164 0.944019969917586
21 20418701 0.2165
21 20430801 5e-04
21 20440303 2
21 20441995 2
21 20446248 2.81240200342013
21 20448683 1.2245
21 20449941 0.5440071935885
21 20453881 2
21 20454903 2.0545
21 20455059 2
21 20455803 1.2245
21 20459040 1.2245
21 20461721 1.2245
21 20461765 1.2245
21 20462091 1.2245
21 20462136 1.2245
21 20464890 1.2245
21 20465880 1.2245
21 20468493 0.3578
21 20468677 0.120969552922731
21 20470049 2
21 20470845 1.2245
21 20470952 1.2245
21 20473946 2
21 20474321 2
21 20474742 2
21 20475883 0
21 20483797 1.3259
21 20484317 1.3509
21 20488587 0.140233602414922
21 20488918 0.159434234566065
21 20491638 2
21 20496431 0.518539450289858
21 20497251 0.2491
21 20497843 2
21 20498777 0.2491
21 20499381 0.2491
21 20499543 2
21 20502459 2
21 20502690 2
21 20503697 1.1952
21 20503948 1.6422
21 20504608 2
21 20504981 2
21 20507774 2
21 20507919 1.03102668179017
21 20516807 0.0271452406465392
21 20518800 0.3094
21 20527064 0.2842
21 20534384 0.646221471688571
21 20535002 2
21 20536446 1.2049
21 20543745 0.8795
21 20544122 0.8795
21 20584547 0.0107
21 20587776 2e-04
21 20587788 0.0855
21 20587897 1.0192
21 20588252 1e-04
21 20592026 1.945
21 20592980 0.0107
21 20604801 0.655
21 20614985 0.5257
21 20642157 0.4937
21 20649018 0.4937
21 20651141 1.1712
21 20659569 0.6737
21 20670032 0.7448
21 20672693 0.7448
21 20679998 0.20617517945731
21 20680774 0.7081
21 20682700 0.5543
21 20684072 0.7081
21 20684299 0.7081
21 20685119 0.5543
21 20686383 0.9371
21 20686592 1.0789
21 20688585 0.9067
21 20704204 1.1409
21 20728292 0.5895
21 20742095 1.3907
21 20744047 0.0076
21 20749162 1.9586
21 20751375 2
21 20757736 2
21 20762311 2
21 20763688 1.00688659994566
21 20771979 2.0135
21 20776482 0.053968213562822
21 20777090 1.3639
21 20778317 2
21 20806259 1.6725
21 20812023 1.766
21 20814603 0.6013
21 20815150 0.5737
21 20817859 2
21 20844801 0.5761
21 20845295 0.5154
21 20884105 2
21 20887283 0.5601
21 20890868 0.5601
21 20900949 2
21 20912060 2.4956
21 20914021 1.6654
21 20920579 0.7214
21 20932809 0.7526
21 20934096 2
21 20940037 2
21 20946516 0.606
21 20950606 1.5122
21 20967148 0.5696
21 20968256 2
21 20969299 2
21 20973703 0.5814
21 20976056 0.5935
21 20980146 0.116491779893398
21 21008906 1.36678208450042
21 21023395 0
21 21024195 0.8853
21 21029236 0.8853
21 21034054 0.4608
21 21058903 0.845960692619998
21 21060974 1.8198
21 21062318 1.2884
21 21064139 1.2884
21 21067042 1.2884
21 21069838 1.2884
21 21073963 1.7381
21 21088927 1.2884
21 21090787 1.2884
21 21098321 1.3104
21 21110110 0.0386
21 21114831 0.0053
21 21125447 1.1772
21 21130747 2
21 21136714 2
21 21142377 0.3293
21 21145779 2
21 21167058 2
21 21167322 2
21 21182321 2
21 21182809 2
21 21200742 0
21 21203074 0.0217
21 21222567 2
21 21238557 5e-04
21 21244450 2
21 21249070 2
21 21251335 5e-04
21 21264992 5e-04
21 21289513 0.2971
21 21296953 0.3305
21 21299764 0.3014
21 21300161 0.913881365957111
21 21311397 0.3014
21 21335885 0.252676497526509
21 21345110 1.33667501739901
21 21354982 1.148
21 21361396 1.27091195523178
21 21381357 0.355859200502339
21 21413654 0.774219317612933
21 21416518 0.031738737711291
21 21417723 0.647489156097805
21 21419183 1.6349
21 21439034 2
21 21440031 1.7873
21 21440847 2
21 21448024 2
21 21456237 0.328662485246933
21 21457807 2
21 21474528 0.216958738296101
21 21478170 0.911097173073508
21 21479556 2
21 21479775 0.316036055518237
21 21481832 2
21 21513341 0.178581522294425
21 21513433 0.87747656686944
21 21516007 1.24464092349614
21 21524423 0.563834019963077
21 21529012 0.0332987875601512
21 21530099 0.431183261668823
21 21531992 1.55255024023149
21 21545226 0.0349285787918042
21 21554170 1.45695754228107
21 21569113 0.162
21 21571544 0.162
21 21575439 0.1203
21 21579774 2.3652
21 21592813 0.1544
21 21613860 1.49498104936658
21 21678259 0.0075
21 21678656 0.0681
21 21694485 0.2822
21 21707561 2.9356
21 21753580 0.8793
21 21754685 0.8793
21 21755508 2
21 21760423 2
21 21775773 0.2416
21 21777862 2
21 21779744 2.52909448463323
21 21789866 2
21 21793476 2
21 21805544 2
21 21811642 1.68767917535515
21 21813123 0.232912539220936
21 21813211 2.09299836734194
21 21814244 0.592584302800546
21 21825847 3.1572
21 21829616 0.463434787646571
21 21845631 0.0851383177017121
21 21846929 0.120746588910002
21 21847149 1.1662
21 21859512 2
21 21859656 2
21 21860918 1.4629
21 21862855 1.4551
21 21863473 0.517147971278232
21 21874511 0.6477
21 21887771 0.3127
21 21902459 1.12002524846879
21 21903526 2.4799
21 21904427 1.327
21 21914569 1.9981
21 21921717 1.2915
21 21931565 0.0078
21 21943571 2
21 21946368 0.259173545654507
21 21959927 2
21 21960539 0.6661
21 21971579 0.6661
21 21973603 2
21 21980195 2
21 21980712 2
21 21983756 2.8037
21 21984619 1.8325
21 21986028 0.5596
21 21987620 1.17824871334836
21 21993145 0.943405181711101
21 22007777 1.7693
21 22008899 5e-04
21 22009983 1.7693
21 22011523 1.09268306333144
21 22015345 1.7556
21 22045599 1.87131724317732
21 22068502 1.7039
21 22186063 3.1156
21 22187866 2
21 22192872 2
21 22201203 0.6014
21 22219739 0.4908
21 22223915 2
21 22243330 2
21 22247473 0.6038
21 22259356 0.568
21 22268246 0.7187
21 22271869 1.28581684409568
21 22283201 0.5702
21 22286940 0.3516
21 22286967 0.6387
21 22287036 0.3516
21 22287520 0.3516
21 22294801 0.7128
21 22294980 0.4077
21 22296399 0.4077
21 22298289 0.7128
21 22300460 0.4077
21 22300599 0.4077
21 22304387 2.28841108382579
21 22305491 0.7128
21 22309772 0.7128
21 22312180 1.16133413467893
21 22314008 0.675
21 22314558 0.0053
21 22315726 0.8955
21 22316284 0.0053
21 22320287 0.0053
21 22321218 0.7128
21 22321973 1.19733804345355
21 22324829 0.0078
21 22350540 2
21 22361378 2
21 22366728 1.0667
21 22378398 1.7628
21 22384281 1.0667
21 22384695 1.32322421273671
21 22387075 1.0667
21 22396945 1.1108
21 22408161 0.0444
21 22411941 2
21 22414619 2
21 22417930 0.5284
21 22421211 2
21 22439155 2
21 22440400 1e-04
21 22448423 2
21 22449684 2
21 22451742 0.761504265287575
21 22452074 2
21 22456654 0
21 22457810 2
21 22464549 0.2438
21 22488606 2
21 22495454 2
21 22507997 2
21 22513321 2
21 22524319 1.9096
21 22530112 2
21 22534275 2
21 22542544 2
21 22544478 3.1148
21 22555521 0.648484451545436
21 22561998 0.585192937023036
21 22562308 0.0509
21 22562745 1e-04
21 22563757 0.0509
21 22564611 0.0806820514238949
21 22566828 0.639612897439429
21 22579606 0.7854
21 22584042 0.7854
21 22586633 0.0107
21 22600316 1.1646
21 22604692 1.1646
21 22618439 1.2506
21 22623803 0.5818
21 22631269 1.1826
21 22637836 0.761996890381545
21 22641691 0.910355655463199
21 22651593 0.396241246394539
21 22705446 1.5586
21 22718027 2.147
21 22718084 0.7544
21 22718840 2.147
21 22722647 1.5938
21 22727011 1.6036
21 22736287 5e-04
21 22814446 0.580938499488145
21 22823516 0.9764
21 22827555 0.9764
21 22831077 0.203665681070585
21 22831328 0.109869264174773
21 22832552 0.65986814921095
21 22837009 0.396819641475593
21 22899246 0.2903
21 22901251 0.6
21 22911257 2
21 22940823 0.3532
21 22941172 0.3532
21 22948910 2
21 22967247 0.2781
21 22982197 0.2781
21 22998884 1.1418
21 23019755 0.1297
21 23020385 0.1297
21 23020938 0.1297
21 23021705 0.6752
21 23030061 0.0426
21 23030615 0.0426
21 23032679 2.9961
21 23032691 0.0162
21 23032767 0.0426
21 23048180 0.2966
21 23049114 0.2966
21 23051976 0.2966
21 23053004 0.3639
21 23066029 2
21 23066447 0.0162
21 23077362 2
21 23078513 2
21 23079051 2
21 23083517 1.945
21 23083989 2
21 23092699 2
21 23100420 2
21 23101805 2
21 23113407 2
21 23113649 2
21 23119010 0.2177
21 23124918 0.3314
21 23136132 0.077
21 23139062 2
21 23154284 0.872
21 23168523 2
21 23183349 2
21 23184077 0.872
21 23198740 0
21 23199735 2
21 23200655 2
21 23240840 1.7336
21 23241264 1.7215
21 23251331 2
21 23280266 2
21 23288400 2
21 23295799 0.7215
21 23297214 2
21 23300407 0.7215
21 23313449 0.6054
21 23329468 0.0921031071185316
21 23355502 2.54718735457895
21 23377293 0.8475
21 23392101 0.7516
21 23413823 0.7516
21 23415118 1.49219284438625
21 23415855 0.7516
21 23416244 0.254244277208828
21 23420209 0.711196076120788
21 23424043 0.0255
21 23426223 0.6513
21 23428837 0.878183586478562
21 23430477 0.9706
21 23436441 1e-04
21 23438268 1.29237781971753
21 23438389 2
21 23439502 2
21 23451553 1.5418
21 23452680 2
21 23454572 2
21 23454887 0.312239857332186
21 23456688 0.5011
21 23456954 2
21 23457198 0.0255
21 23457964 2
21 23457999 0.929
21 23458337 1.53638507441725
21 23460554 0.9594
21 23467080 0.4312
21 23468286 1.0168
21 23484178 0.5305
21 23489563 2
21 23498158 0.5057
21 23501431 0.896919642776545
21 23513890 2
21 23529950 1.0457
21 23536959 1.6143
21 23547074 2
21 23549626 2
21 23549815 2
21 23554024 0
21 23558396 0.190966390353885
21 23562609 2
21 23570148 1.49384205447314
21 23573955 1.6375
21 23576768 0.363772871555304
21 23577776 0.187895416132214
21 23590783 2.4702
21 23594906 2.0987
21 23599332 2.1643
21 23605950 0.464073059622113
21 23606238 2.1643
21 23606468 2.0784
21 23611696 0.4268
21 23614581 0.5253
21 23639440 2
21 23644331 0.0263
21 23647291 2
21 23655364 2
21 23671675 2
21 23674512 2
21 23680916 1.1209
21 23683898 0.5299
21 23684116 0
21 23686961 0.068
21 23687672 0
21 23693314 1.0789
21 23697925 1.3545
21 23719400 1.1163
21 23723274 2
21 23723601 1.4334
21 23732628 2
21 23738535 2
21 23740235 2
21 23742954 1.2465
21 23760212 1.3342
21 23762408 0.4176
21 23763992 0.344
21 23766241 0.4649
21 23769286 2
21 23771290 2
21 23771333 0.4944
21 23773398 0.6296
21 23777994 0.588
21 23789705 0.3483
21 23797153 1.8439
21 23811855 2
21 23812819 2
21 23838521 1.8769
21 23845158 2
21 23858472 6e-04
21 23865252 0.55
21 23865260 2
21 23868720 2
21 23895877 2
21 23907197 2
21 23938886 0.0885
21 23938938 2
21 23962507 0.4398
21 23963625 1.0234
21 23968432 0.4822
21 23968674 0.4822
21 23968934 0.4822
21 23970451 2
21 24012192 1.687
21 24022595 1.10511467817559
21 24025586 0.24570361686656
21 24029693 0.297883637977971
21 24030268 0.169439275589982
21 24033134 1.63654770203408
21 24035647 0.0977320732190141
21 24047408 0.0161409170399619
21 24048852 2
21 24052069 2
21 24056615 2
21 24057234 2
21 24057746 2
21 24061504 0.0785409963130881
21 24061581 0.919831976990051
21 24071171 5e-04
21 24075121 2
21 24085861 2
21 24086062 2
21 24087826 2
21 24091303 2
21 24092626 2
21 24094952 2
21 24095291 2
21 24100227 2
21 24102663 2
21 24103230 2
21 24104176 2
21 24112426 2
21 24114404 2
21 24114412 2
21 24118824 1.7039
21 24120857 0.4669
21 24130751 2
21 24141722 0.411370284737237
21 24142263 0.596
21 24142545 0.405483335525877
21 24145695 2
21 24149868 2
21 24154365 2
21 24186064 0.5896
21 24190862 1.8805
21 24194127 0.1016
21 24196655 0.864464076421437
21 24199402 1.8805
21 24202197 1.5839
21 24206468 0.2913
21 24208950 0.2823
21 24212864 2
21 24216413 0.6056
21 24222173 2
21 24233469 1.7104
21 24290671 2
21 24291298 5e-04
21 24299482 2
21 24302101 0.0078
21 24304533 0.914348527901562
21 24307994 1.29672232041709
21 24308250 2
21 24309277 2
21 24323886 1.85708522951329
21 24325576 0.188598183366694
21 24333584 0
21 24334373 1.11721133092925
21 24335740 3.1726
21 24347024 2
21 24351990 2
21 24366958 2
21 24367179 1.191
21 24371476 2
21 24374917 2
21 24375429 2
21 24376530 2
21 24400408 2
21 24413163 0.534870565190334
21 24416866 0.372510835419767
21 24417208 1.14313281928465
21 24417301 1.22174915738771
21 24421517 1.8503
21 24428330 2
21 24429243 1.824
21 24434394 2
21 24442870 1.7412
21 24469701 0.782745117375785
21 24474743 1.7412
21 24482119 2
21 24487664 0.8779
21 24489647 0.8779
21 24498039 0.8779
21 24505357 2
21 24508015 2
21 24516771 2
21 24524094 2
21 24551871 2
21 24562101 2
21 24569619 0.8966
21 24577917 0.8267
21 24583199 1.8041
21 24585394 2
21 24593896 1.9401
21 24599797 0.0972316211910708
21 24611233 2.0459
21 24623078 1.43299816284612
21 24631685 0
21 24636654 5e-04
21 24638767 2
21 24645615 0.306820120964256
21 24647980 0.200336954017194
21 24648452 1.1794
21 24650957 2
21 24670829 1.6249
21 24674395 0.8199
21 24699187 0.2468
21 24699309 0.2468
21 24705302 0.4814
21 24715867 3.295
21 24722145 2
21 24736987 1e-04
21 24739732 1.134
21 24745936 2
21 24748079 2
21 24754454 0.7059
21 24758328 1.2299
21 24761358 1.2299
21 24764717 0.1977
21 24772242 1.2714
21 24772564 1.2177
21 24775133 1.053
21 24776231 1.2177
21 24777550 1.2714
21 24818102 0.14919354098202
21 24822328 0.9216
21 24824915 0.7252
21 24836912 2
21 24838331 2
21 24842731 2
21 24847850 2
21 24854757 2
21 24855452 2
21 24856611 2
21 24860253 0.0078
21 24876069 2
21 24876598 0.9907
21 24878531 1.0133
21 24894167 2
21 24903503 1.0014
21 24905111 1.0133
21 24950687 0.9782
21 24962699 0.7481
21 24989013 0.328975681744771
21 24992179 1.9751
21 24993549 1.7813
21 25011575 2
21 25013888 1.3204
21 25016253 2
21 25027850 0.0078
21 25029398 1.1964
21 25029798 2.3192
21 25048792 2.3192
21 25056297 1.0907
21 25090761 1.2092
21 25092515 0.6153
21 25138811 2.8735
21 25157540 0.0095941039238442
21 25167204 1.55095527508354
21 25168764 0.170878810969864
21 25199691 1.15386985573547
21 25204464 5e-04
21 25214246 0.364848904608881
21 25261712 0.00627346157892573
21 25263698 0.896603348820335
21 25294224 2
21 25308516 0.844073674045275
21 25312856 2
21 25323218 2
21 25326401 0.725678273045831
21 25326795 0.0569064852075508
21 25327349 0.0827105936220007
21 25332275 2
21 25403362 8e-04
21 25433814 2
21 25452265 0.0505
21 25454202 0.154
21 25456498 0.154
21 25460871 1.216
21 25462437 2
21 25463686 1.5652
21 25486992 1.2699
21 25487854 5e-04
21 25499550 2
21 25523869 0.1765
21 25530537 1.6672
21 25563201 1.6784
21 25568503 0.1765
21 25601939 0.1691
21 25602064 0.1691
21 25604894 0.1204
21 25605107 0.1204
21 25614451 0.1691
21 25631591 0.1204
21 25632737 0.1765
21 25641595 0.0072
21 25641680 0.1728
21 25645172 0.1728
21 25655504 0.6851
21 25656079 0.6851
21 25725671 1.4343
21 25768257 1.2924
21 25771343 0.0075
21 25813018 1.5842
21 25821879 1.0101
21 25822558 1.3747
21 25823262 1.0101
21 25829072 1.1927
21 25835875 1.0399
21 25841803 1.3559
21 25846898 0.0053
21 25857285 1.1662
21 25864338 1.8922
21 25876842 2
21 25886486 0.0329
21 25886774 0.180896150424258
21 25887070 2
21 25888144 0.700837411202273
21 25901217 0
21 25924483 5e-04
21 25943319 0.0496
21 25947757 2
21 25954196 2
21 25954327 0.0519
21 25955861 2
21 25962708 2
21 25963854 0.3742
21 25973981 1.0809
21 25975510 0.588
21 25976147 1.2913
21 25989924 1.3819
21 26005282 1.2828
21 26027083 0.5073
21 26034650 2e-04
21 26063953 2
21 26068891 2.4627387416036
21 26070280 2
21 26076364 1.39435183001851
21 26078887 2
21 26104222 2
21 26121230 0.9839
21 26123865 2
21 26137592 0.9782
21 26147959 0.9782
21 26150035 2
21 26162787 2
21 26194483 0.4906
21 26206542 0.7871
21 26225571 2
21 26227553 0.0075
21 26232164 0.291
21 26232935 0.489
21 26251437 2
21 26259484 0.6293
21 26262993 2
21 26263388 2
21 26263482 0.6293
21 26264520 2
21 26266226 2
21 26271157 0.475
21 26291049 1.4399
21 26294563 1.4399
21 26295243 1.0272
21 26311550 1.6901
21 26314327 0.8506
21 26318032 2
21 26324455 2
21 26339017 2
21 26345918 2
21 26350480 2
21 26350723 0.8779
21 26356587 0.8506
21 26360425 2.4989
21 26362341 2
21 26367797 2
21 26387607 0.0329
21 26395983 0
21 26398905 0.0444
21 26408593 3.1258
21 26424586 0.4565
21 26424659 1.6039
21 26436139 0.396
21 26439908 2
21 26482382 0.6968
21 26495240 0.5317
21 26515617 0.832
21 26519345 0.8234
21 26522681 0.5144
21 26524627 0.5583
21 26524654 2
21 26534677 0.8725
21 26542277 2
21 26544955 0.0105
21 26549873 0.834512812936287
21 26559476 2
21 26562592 1.8389
21 26584188 2
21 26588836 0.1201
21 26610254 2
21 26625391 0.945677386665419
21 26627535 1.7602
21 26636440 1.7602
21 26638125 0.652370953998545
21 26639173 1.7602
21 26642772 1.7602
21 26642980 0.364517497323704
21 26644841 1.7602
21 26649335 0.241182225197952
21 26649377 0.313748887982435
21 26650302 2.3072
21 26659667 0.724
21 26661120 1.5449
21 26668635 0.724
21 26671698 0.724
21 26674094 1.5449
21 26677145 2
21 26678558 2
21 26679783 1.5449
21 26685342 2
21 26687873 1.1697
21 26698377 1.5751
21 26714868 0.7163
21 26722427 0.2691
21 26735659 2
21 26747741 2
21 26752422 0.9907
21 26781889 2
21 26784771 0.831237916153929
21 26788009 2
21 26791954 2
21 26795214 0.0273
21 26798522 2
21 26806411 1.17245809896422
21 26826065 0.664684461199898
21 26838418 2.9278
21 26838969 2.8376
21 26843019 0.611911814902903
21 26843747 0.1691
21 26853263 0.140547963476042
21 26859060 0.0695
21 26869908 1.9884
21 26871253 0.540921717671064
21 26872913 2
21 26893101 2
21 26895613 1.0944
21 26905528 2
21 26910515 2
21 26920930 1.10399403810072
21 26923816 2
21 26949233 0.9753
21 26951573 1.6875
21 26966645 0
21 26973860 1.0501
21 26977807 2.1608
21 26987756 2
21 27007505 2.6381
21 27011466 0.651137692817291
21 27024512 2
21 27025741 2
21 27033634 2
21 27036232 2
21 27052512 2
21 27058516 2.6293
21 27071846 2
21 27080409 2.3199
21 27083632 2.9795
21 27084292 0.61658254906784
21 27120273 2
21 27127009 0.5392
21 27128215 1.4861831105373
21 27153638 1.58462396495512
21 27158481 1.1041
21 27170956 0.710581929443815
21 27180595 1.76455885353497
21 27192606 0.499249034862499
21 27194044 0.223284154555193
21 27194783 0.522100350899533
21 27196183 2
21 27200414 1.24991073255927
21 27202774 2
21 27208103 0.424828806376025
21 27209444 1.9275
21 27214284 2
21 27247800 2.2653
21 27252300 2
21 27257588 2
21 27261365 2
21 27262287 2
21 27277643 2
21 27297861 0.947
21 27310759 0.0678
21 27325610 0.7557
21 27325994 0.0737
21 27353618 0.4447
21 27361682 0.3852
21 27364478 0.3784
21 27366703 0.3784
21 27368795 0.3591
21 27369650 0.3591
21 27370630 0.3852
21 27373497 0.3591
21 27387521 2
21 27411822 0.0637
21 27414339 1.5009
21 27416162 1.12918421510835
21 27421338 2
21 27426776 0
21 27431953 0.0386
21 27434009 0.1071
21 27443315 2.1585
21 27444586 1.0302
21 27451700 0.446161805812058
21 27455518 0.8125
21 27462548 1.2267515314047
21 27470003 0.449355089508757
21 27470559 1.57576343378962
21 27488208 2
21 27498041 0.1007
21 27501554 0.1337
21 27527287 0.1007
21 27557639 2
21 27569039 0.5281
21 27574779 1.7846
21 27581663 2
21 27605388 2
21 27619209 1.7215
21 27648270 2
21 27650759 2
21 27666144 2
21 27671196 0.2807
21 27675890 5e-04
21 27675970 0.2967
21 27676511 0.2807
21 27677313 0.2807
21 27677731 2.7095
21 27679041 0.2807
21 27679645 0.2807
21 27681233 0.2807
21 27687544 2
21 27692740 2
21 27694368 2
21 27696058 2
21 27696578 2
21 27698642 2
21 27715402 2
21 27723769 0.6982
21 27738939 2
21 27740344 2
21 27761395 6e-04
21 27763599 0.1124
21 27769414 0.1059
21 27770687 0.1124
21 27774470 0.1059
21 27781268 0.1124
21 27784041 0.1059
21 27791483 0.1124
21 27792246 0.1124
21 27812365 0.877899187695539
21 27819623 1.05544123176752
21 27844382 0.491401828831336
21 27846282 1.01428604142897
21 27846561 0.155512661624485
21 27862123 0.348486904537789
21 27866892 2.23938684786387
21 27867050 0.592627251216727
21 27868472 1.35073675210195
21 27879990 0.0886962111351192
21 27891472 0.508609095470952
21 27897209 0.0453938956248411
21 27901645 1.14111738834607
21 27904355 2
21 27909070 1.48431908703321
21 27911650 1.13868778601702
21 27913421 0.464401074360121
21 27918013 2.02806103585489
21 27918854 0.0688518325405155
21 27920029 1.0897
21 27920202 1.0897
21 27922692 0.38390570061541
21 27927059 1.00687316209059
21 27939558 2
21 27941746 0.4949
21 27945261 1.10372567972734
21 27948773 2.05911381524672
21 27960148 0.411358922156545
21 27962691 1.44173417106856
21 27974991 1.7256
21 27984020 0.4495
21 27986524 0.216749259730041
21 27986674 0.4495
21 27987039 1.27507174999886
21 27991285 0.4801
21 27996214 1.6261
21 28000527 0.4801
21 28002620 0.4801
21 28006205 1.17708826959108
21 28006435 1.3147
21 28017875 0.689094481937606
21 28019098 0.183164512719616
21 28027291 0.527891390669447
21 28034046 0.581375782386041
21 28044615 0.4281
21 28055779 0.265397411214169
21 28066524 2
21 28070236 0.342880819968978
21 28070316 1.20529530204146
21 28106324 1.55244881477376
21 28108529 2
21 28110968 0.5322
21 28117825 2
21 28121223 2.7839
21 28121546 2
21 28122669 2
21 28130134 2
21 28135185 2
21 28139620 2
21 28140150 2
21 28163425 2
21 28191824 2
21 28192477 2
21 28196564 2
21 28198771 2
21 28199601 2
21 28216209 2
21 28219454 2
21 28221278 2
21 28257518 2.8716
21 28264691 0.6629
21 28265161 2.13
21 28270106 1.13497347070423
21 28273653 0.6629
21 28281794 0.7817
21 28285018 8e-04
21 28290072 0.7817
21 28311544 0.4062
21 28311663 0.4062
21 28326718 0.7952
21 28349476 0.341
21 28351496 0.7073
21 28362614 1e-04
21 28366250 6e-04
21 28369857 2
21 28370989 0.724205290212825
21 28389506 0.8694
21 28395845 0
21 28398091 2
21 28404045 2
21 28417262 2
21 28422658 0.8435
21 28423157 0.819
21 28423884 2
21 28428488 2
21 28462940 2
21 28463735 0
21 28471991 2
21 28478228 2
21 28480750 2
21 28506736 2
21 28515057 2
21 28522223 1.4948
21 28523627 2
21 28541523 2
21 28548626 2
21 28552854 0.5782
21 28563549 2
21 28564580 2
21 28568572 2
21 28574353 2
21 28587131 2
21 28601783 1.0444
21 28667759 2.1177
21 28726919 0.8345
21 28733646 2
21 28751762 1.588
21 28751803 1.588
21 28753746 2.0996
21 28754160 1.588
21 28755346 1.588
21 28833202 0.588
21 28833767 2.243
21 28860445 1.3545
21 28869325 0.868777150415764
21 28877405 0.198261731340628
21 28948149 2
21 28955405 2
21 28969145 0.0078
21 29002949 2
21 29004903 1.92815421055738
21 29005769 2
21 29080900 2
21 29082095 1.19459948997534
21 29089487 2
21 29104858 2
21 29123049 0
21 29140458 2
21 29147136 1.3552
21 29159035 2.37146214798423
21 29166772 2
21 29172348 1.3552
21 29177982 0.564008281051744
21 29180518 0.1691
21 29183333 1.3552
21 29185330 1.3552
21 29211735 0.2548
21 29217965 0.94182059022685
21 29294546 2
21 29305751 2
21 29312062 2
21 29318237 2
21 29369133 2
21 29452294 0.0078
21 29483594 0.0159
21 29489538 0.0159
21 29490684 1.8753
21 29491034 0.0159
21 29506082 0.0436
21 29543953 0.779426191218155
21 29579965 0.0107
21 29580089 5e-04
21 29592341 2
21 29594843 3.46127074672565
21 29597130 1.5246
21 29600991 2
21 29605519 1.3553
21 29611445 1.48904906031868
21 29614143 0.511077395234958
21 29620793 2
21 29625935 2
21 29626767 1.381
21 29631050 2
21 29634102 0.54747326044942
21 29654647 0.104670608159513
21 29677048 2
21 29701001 1.4563
21 29722511 1.481
21 29735592 1.481
21 29736842 1.481
21 29741535 0.0607
21 29750309 0.68165728377199
21 29750992 1.481
21 29757680 2
21 29760478 2
21 29764129 1.4726
21 29775649 1.24273643684388
21 29789600 2
21 29795908 0.0739
21 29802169 1.481
21 29814848 0.0739
21 29820673 0
21 29831129 2
21 29831951 2
21 29832286 2
21 29835263 0.36957338331405
21 29836012 2
21 29851244 0.518760563783991
21 29854518 2
21 29855007 0.90090225791915
21 29856035 0.218941887158503
21 29861677 1.16099088903877
21 29867140 1.2017504091444
21 29883052 0.445726047945859
21 29888205 0.451946060613383
21 29898561 2
21 29905945 2
21 29911598 2
21 29914954 2
21 29918497 2.1208
21 29931426 0.185603732567105
21 29931851 0.478636442493426
21 29936109 0.417727953069739
21 29964760 0.65342666750409
21 30002945 0.0322
21 30027498 0.0918
21 30028321 0.0856
21 30047004 0.827248573276338
21 30050360 0.1127
21 30051343 1.0622
21 30058006 2
21 30058860 2
21 30082524 2
21 30093245 2
21 30119715 1.6546
21 30125460 0.20544935196969
21 30142277 1.8575
21 30188066 2
21 30217639 2
21 30221878 1.8474
21 30243500 2
21 30248859 2
21 30249087 1.62349185901774
21 30252457 2
21 30252474 2
21 30252686 0.723694508277475
21 30255282 2
21 30259069 0.6823
21 30271065 2
21 30286385 2
21 30295022 1.38557297386569
21 30300047 2
21 30303726 5e-04
21 30315360 2.2653
21 30321082 0.204910704343819
21 30331590 2
21 30336010 2
21 30339039 2
21 30340902 2
21 30359479 2
21 30364773 1.56137806970425
21 30405662 2
21 30414028 2
21 30416382 2
21 30420785 2
21 30420831 2
21 30439537 2
21 30441208 2
21 30443425 2
21 30449717 2
21 30475189 0.379018248420451
21 30498989 2
21 30501326 2
21 30526893 0.622286875643886
21 30528016 2
21 30529427 0.8361
21 30537132 2
21 30553410 2
21 30558012 0.885829239133998
21 30565349 2
21 30582925 0.883161940172345
21 30587339 0.760810382901587
21 30587360 2
21 30596872 2
21 30597639 1.97633040601773
21 30600821 2
21 30607422 2
21 30621864 2
21 30625202 2
21 30636013 2
21 30639014 2
21 30646215 2
21 30688295 2
21 30688560 2
21 30692750 2
21 30694248 2
21 30696405 2
21 30698876 2
21 30698969 2
21 30700969 2
21 30704284 2
21 30705694 2
21 30712855 2
21 30714422 2
21 30714427 2
21 30737234 2.2967
21 30793243 2
21 30811377 2
21 30821054 0.342664508041444
21 30825980 1.00681694791888
21 30827884 1.03319187020886
21 30829787 1.33714287358653
21 30846162 2
21 30846955 2
21 30865327 0.308805923341913
21 30867502 2
21 30874314 1.8553
21 30884375 2
21 30885900 1.1573929287465
21 30888945 0.69993366503453
21 30915987 1.9927
21 30936941 5e-04
21 30939612 2.4914
21 30941742 3e-04
21 30941748 5e-04
21 30949639 2
21 30952650 2
21 30969417 2
21 30982060 1.6224
21 30990090 2
21 30998301 2
21 30998386 2
21 31049873 1.3545
21 31053728 1.3545
21 31061981 0.472150509915521
21 31084248 0.3013
21 31084339 0.273
21 31111760 0.3861
21 31116673 2
21 31120713 2
21 31132566 1.279
21 31140595 2
21 31153027 2
21 31153806 1.2252
21 31177468 1.7379
21 31259951 0.5745
21 31283365 1.7507
21 31295339 1.2172
21 31295395 0.740705856440057
21 31315045 0.7149
21 31323831 2
21 31373473 2
21 31385889 1.28968905967889
21 31385939 2
21 31421467 2
21 31430229 6e-04
21 31439048 2
21 31444727 1.38741696156882
21 31445194 2
21 31445564 2
21 31446439 0.568830620500807
21 31451724 0
21 31462744 0.565098109223195
21 31482005 2
21 31482837 2
21 31486664 2
21 31490332 2
21 31497082 0.6231
21 31498448 1.7509
21 31508999 1.68716626292207
21 31522780 2
21 31541860 2
21 31548376 2
21 31567869 2
21 31571524 0.789742221246636
21 31572157 0.677987976954631
21 31577937 1.2177
21 31580889 2
21 31581854 0.0994
21 31582001 2.9795
21 31589412 2
21 31593998 1.41828264984111
21 31596209 2
21 31616471 2
21 31641108 0.353664778515461
21 31682313 2
21 31717878 5e-04
21 31720530 2
21 31721783 0
21 31723886 1.5842
21 31732127 1.5842
21 31760089 1.1662
21 31768929 0.0863
21 31769656 2
21 31770103 1e-04
21 31773827 2
21 31777602 2
21 31782626 2
21 31787131 2
21 31788922 5e-04
21 31797984 2
21 31798746 0.0804
21 31805094 2
21 31810731 2
21 31815859 2
21 31832202 2
21 31849664 0.099
21 31858737 2
21 31858831 2
21 31862265 2
21 31863738 2
21 31865977 2
21 31881115 2
21 31883466 2.0617
21 31888775 0.733720260920559
21 31896293 2
21 31899133 1.0102
21 31930358 2
21 31944235 2
21 31954808 0.483143602519959
21 31965478 2
21 31967028 2
21 31973537 2
21 31995206 1.4408
21 31997938 2
21 32011055 0.308322636265428
21 32013936 1.0689
21 32019810 2
21 32024361 5e-04
21 32035050 1.082
21 32037619 0.112876556783539
21 32045244 0.997251047031765
21 32048479 1.82854958661625
21 32050743 1.0789
21 32054987 0.0535586112218943
21 32069106 1.29583545047583
21 32083977 0.0952777252309787
21 32094392 2
21 32095844 5e-04
21 32105801 0.6332
21 32142576 0.380027985243491
21 32143825 2
21 32148104 0.1027
21 32153496 0.182012805618961
21 32164675 0.3613
21 32165003 0.2768
21 32166238 2
21 32174205 1.5718
21 32176053 2
21 32176240 1.7164
21 32176510 2
21 32179989 2
21 32182000 2
21 32182675 2
21 32183203 2
21 32184180 1.6022
21 32184224 1.1383
21 32184320 2
21 32188498 0.7871
21 32190614 0.7871
21 32190832 0.121329281505605
21 32192576 2
21 32195830 0.7871
21 32208858 2
21 32209023 2
21 32212848 1.8329
21 32224305 2
21 32272564 1.72636292138518
21 32274497 2
21 32286497 1.2156
21 32291653 1.7039
21 32295820 2
21 32297908 1.4036
21 32299360 1.1662
21 32338920 2
21 32347967 2
21 32353714 1.1738
21 32353892 0.958642824852413
21 32357221 0.1016
21 32357848 2
21 32361369 2
21 32373804 0.608344837132398
21 32389312 2
21 32398358 2
21 32399361 2
21 32403808 2
21 32404337 2
21 32406759 2
21 32410476 2
21 32418756 2
21 32431780 2
21 32432284 2
21 32434645 0.8932
21 32461982 2
21 32471449 2.5636
21 32471451 2.5636
21 32475612 2
21 32488868 0.0841
21 32517946 1.629
21 32531321 2
21 32533609 2
21 32553722 2
21 32560072 2
21 32561920 2
21 32567008 2
21 32568384 2
21 32574158 2
21 32575419 2
21 32582575 2
21 32598606 1.594
21 32601098 2
21 32602969 2
21 32626071 2
21 32644368 1.74068232076452
21 32646127 2
21 32677797 1.7678
21 32686897 2
21 32712779 2
21 32728539 5e-04
21 32743144 0.296296129579157
21 32749659 2
21 32774790 1.58871503592156
21 32784924 0.5613972972479
21 32787717 0.535445107558984
21 32790692 2
21 32799809 1.99159691856814
21 32806486 1.36832294899114
21 32807134 0.145809120045567
21 32808328 0.923381654350407
21 32814387 1.03483908627665
21 32830687 0.680168720964732
21 32855785 0.3798
21 32865146 1.23046632134566
21 32880343 1.7292
21 32890900 2
21 32904438 2
21 32912009 2
21 32914456 2
21 32930721 1.3367
21 32934048 2
21 32947985 2
21 32948624 2.1063
21 32981834 0.2634
21 32983948 2
21 32984572 2
21 32988144 2
21 32988626 2
21 32994665 0.866211478591075
21 32997674 0.890141004937615
21 33001867 0.527600508950248
21 33003153 0.0438
21 33026737 2
21 33027093 2
21 33036624 0.237
21 33051592 1.7292
21 33063313 1.62489094948668
21 33085618 0.576079854870338
21 33102084 0.9094
21 33128835 2.01795995063999
21 33142094 2
21 33157200 2
21 33163415 0.6167
21 33171872 1.5026
21 33176905 1.3564
21 33177325 1.3564
21 33178037 0.96811052656226
21 33183527 0.538219184496028
21 33184491 1.56268723555719
21 33185858 0.285952810594673
21 33187114 6e-04
21 33190135 2.83915512358589
21 33191843 0.140675522189126
21 33194744 0.987738877599253
21 33201752 2
21 33207267 2.10978816798746
21 33210116 2
21 33221405 2
21 33247902 2
21 33248363 0.4965
21 33262748 0.743655745555105
21 33270909 2
21 33287536 2.788
21 33288501 0.852903110457581
21 33288868 0.587072397082982
21 33290589 0.715885551654547
21 33291639 2
21 33294071 1.10094176376547
21 33294390 0.6005
21 33297076 2.58799590660735
21 33320083 0.89084708782531
21 33321485 2.9228
21 33321910 5e-04
21 33321980 7e-04
21 33323759 2
21 33335502 1.38119983759119
21 33341445 2.15711164971519
21 33344483 0.3997
21 33349042 0.728913272943786
21 33364181 0.491025334957754
21 33365143 0.556600915010905
21 33366917 0.102409169741212
21 33386785 1.0433
21 33403994 2
21 33426675 1.2154
21 33428565 0.942467059159767
21 33445015 0.4132
21 33446824 0.832190562059992
21 33450275 1.15871953666181
21 33453011 1.03361752073345
21 33453568 1.42976548922062
21 33459177 2
21 33459715 0.78085248793793
21 33472154 2
21 33494451 2
21 33494546 2
21 33496329 0.0126
21 33504763 2
21 33522316 0.66920930423788
21 33530221 2
21 33537914 2
21 33556023 2
21 33562867 1.351
21 33577610 0.0415
21 33577642 5e-04
21 33606999 2
21 33618086 0.0053
21 33635716 0
21 33644827 2
21 33678181 2
21 33679983 2
21 33725717 2
21 33739616 1.84518507276425
21 33743199 1.4894
21 33753992 2
21 33792305 1.34865441710954
21 33795207 0.919909235908438
21 33815887 2
21 33828574 0.642244646457848
21 33836163 2
21 33846580 0.0220909020273711
21 33851479 2
21 33857831 2
21 33864637 2.71003623961848
21 33871697 0.9655
21 33874110 1.14489150159397
21 33874201 2
21 33876879 1.2011
21 33901896 2
21 33904415 2
21 33909117 1.3021
21 33925117 1.2011
21 33937597 5e-04
21 33938609 0.4823
21 33940173 2
21 33941278 0.593
21 33946150 1.1285
21 33964582 0.4823
21 33974051 0.4037
21 33979929 2
21 33982222 0.0323
21 33982442 0.589000942707854
21 33984908 1.1285
21 33991458 2
21 34000207 0.775265779961156
21 34011438 5e-04
21 34014303 0.6208
21 34024435 2
21 34028660 2
21 34030595 2
21 34036108 2
21 34053644 2
21 34064514 2
21 34073319 2.6381
21 34139647 0.748000296476144
21 34161276 2
21 34175077 0.2947
21 34190506 2
21 34192958 2
21 34197078 0.4255
21 34213412 2
21 34220497 0.9473
21 34241412 0.6676
21 34258529 2
21 34283434 0.312136400008271
21 34287476 1.80241749823563
21 34316426 0.22275851835751
21 34325054 1.3819
21 34332276 5e-04
21 34343837 0.0595199617570831
21 34351835 2
21 34352548 0.497422774043828
21 34354399 0.0499
21 34358742 0.0558
21 34360991 0.7786
21 34366908 0.0617
21 34370423 1.17706989904825
21 34390736 0.0931515582372518
21 34396621 0.0553585965149009
21 34397228 0.75937110253253
21 34398671 0.31161312183782
21 34399997 0.900364010667955
21 34401859 0.782
21 34403212 0.504516077700475
21 34403346 1.76256027971546
21 34429925 0.4464
21 34432287 0.363186238512923
21 34440329 1.68207505686522
21 34450274 0.330607921328485
21 34455133 0.0600175554778087
21 34476176 2
21 34490004 2.4916
21 34495307 2
21 34500065 0.149408788487998
21 34505386 0.465635963110896
21 34512335 2
21 34525907 1.77581033170352
21 34531558 0.376642822925038
21 34533810 0.3642
21 34535429 0.4273
21 34538052 0.9373
21 34538501 0.3642
21 34541920 0.9199
21 34553852 0.9505
21 34555134 0.9199
21 34557118 0.9505
21 34562795 0.90502133769652
21 34563790 0.587214561536693
21 34565686 0.9199
21 34566740 2
21 34575455 1.01269885921471
21 34582501 2
21 34594558 0.292007495561535
21 34601537 1.2295
21 34603172 2
21 34615247 1.2295
21 34622465 2
21 34627740 2
21 34638914 2
21 34652430 2
21 34656726 0.26494339088281
21 34657916 2
21 34664761 2
21 34669339 2
21 34670285 2
21 34673477 2
21 34696090 2
21 34712069 0.0690882952761225
21 34714696 2
21 34749007 0.430197681971811
21 34755217 0.451463165238953
21 34779664 1.85446201687521
21 34801634 1.6537
21 34809862 0.134201832219397
21 34902076 0.903133105025268
21 34902351 0.489938770892004
21 34902639 2
21 34906645 2
21 34920248 2
21 34921268 2
21 34921312 2
21 34926196 2
21 34930268 2
21 34935164 2
21 34938999 0.0177
21 34967235 0.593405726359858
21 34971255 2
21 34979954 2
21 34987391 2
21 34996976 1.12964883899163
21 35006274 2
21 35017332 1.4387
21 35018131 1.4387
21 35023532 2
21 35026289 1.4778
21 35044543 0.5543
21 35047559 1e-04
21 35072482 0.9376
21 35090437 2
21 35090907 2
21 35093681 2
21 35101817 2
21 35104044 2
21 35104229 2
21 35104340 2
21 35107425 2
21 35107932 1.086
21 35137711 0.111235113672891
21 35147045 0.0292073077705951
21 35184174 0.3691605887984
21 35288753 0.4007
21 35308056 2
21 35311221 2
21 35321894 0.3546
21 35376565 2
21 35381311 2
21 35389750 2
21 35397891 0.7903
21 35401122 2
21 35402556 2
21 35426246 2
21 35445838 0.632019430538059
21 35446449 2.16087190789106
21 35448467 1.67325670018392
21 35462412 2
21 35489339 0.8577
21 35508644 2
21 35510530 0.0078
21 35518872 0.234384948184447
21 35519908 1.11842585547597
21 35523458 2
21 35531710 0.730551595610479
21 35545188 2
21 35551363 2
21 35554146 2
21 35557114 2
21 35557553 0.192176429550692
21 35561912 2
21 35565515 2
21 35568183 0.198
21 35568187 2
21 35569665 2
21 35572105 0.1124
21 35590843 0.0681
21 35600397 2
21 35605759 2
21 35611796 2
21 35620853 0.3449
21 35621853 0.3353
21 35624460 2
21 35630723 0.0263
21 35630775 2
21 35630776 0.0720210611384908
21 35634714 0.1124
21 35634995 2
21 35638596 0.1124
21 35638865 0.1124
21 35651071 5e-04
21 35671356 2
21 35681772 2
21 35686947 1.2842
21 35720682 2
21 35732526 2
21 35745917 2
21 35770451 2.3149
21 35786849 0.336461817353176
21 35787373 1.16630416486741
21 35787374 0.596502569683628
21 35827199 0.596016441066157
21 35833293 0.849908160778612
21 35848167 0.979242163178773
21 35898883 0.192078147917389
21 35905562 1.27900792261064
21 35941978 2
21 35943767 0.349558156380568
21 35949685 0.123045918252309
21 35959263 0.819888852552861
21 35960244 2
21 35963004 2
21 35965720 0.114443367919645
21 35970823 1.5229930906522
21 35973366 0.854960072472091
21 35973639 0.535994873334488
21 35983466 0.1078
21 35993416 5e-04
21 35994210 1.4863
21 35994284 0.940918633744401
21 36002412 2
21 36005080 5e-04
21 36005333 2
21 36018300 2
21 36026656 2
21 36047347 0.01073360834084
21 36047445 2
21 36049574 2
21 36062629 2
21 36070865 2
21 36072675 1.4113
21 36073441 2
21 36079624 1.4113
21 36095260 2
21 36096057 2
21 36098037 2
21 36099893 1.3334
21 36100346 2
21 36110704 2
21 36116256 1.3371
21 36122306 0.126039560366609
21 36128767 2
21 36139531 2
21 36140885 2
21 36152629 0.800932506086418
21 36158203 0.234689231530063
21 36164368 0.986150060273126
21 36167162 2
21 36185176 0.183
21 36187227 0.435212817502559
21 36187549 0.183
21 36192863 5e-04
21 36193189 1.2154
21 36203644 1.0789
21 36205545 1.5752
21 36209203 0.651841622087893
21 36210378 1.09614047914874
21 36222303 0.0364476810939072
21 36227526 0.0433
21 36243433 2
21 36245332 0.472267304136826
21 36264091 1.1809
21 36269114 2
21 36277857 1.2261
21 36287863 2
21 36287970 2
21 36300473 2
21 36303826 0.784553331127805
21 36305965 2
21 36310487 2
21 36311310 1.15331496525508
21 36319268 2
21 36340128 2
21 36359674 2
21 36370669 2
21 36421345 2
21 36442477 2
21 36443901 2
21 36444724 2
21 36448662 0.7668
21 36449855 0.7668
21 36459654 2
21 36463049 2
21 36464413 0.968234826590256
21 36467112 0.1055
21 36475351 2
21 36483556 2
21 36483703 2
21 36489117 1e-04
21 36493325 0.596384466344547
21 36497215 0
21 36503473 0.3261
21 36515178 0.3261
21 36516985 0.3261
21 36517356 0.3261
21 36528833 0.3179
21 36540253 0.3273
21 36548730 0.6216
21 36551665 0.4047
21 36552000 0.4649
21 36565547 0.4649
21 36570799 0.0078
21 36581716 0.6216
21 36602496 0.6309
21 36605199 0.107968515198954
21 36637506 0.934654331943065
21 36637998 0.190734002164485
21 36642907 1.02901569737779
21 36661247 0.704774575597156
21 36662807 0
21 36664941 2
21 36666013 0.453641174715757
21 36670126 2
21 36675271 2
21 36681100 2
21 36694583 2
21 36699067 2
21 36718707 0.267850619409772
21 36742141 0.8124
21 36763899 0.505539935404718
21 36777766 2
21 36782868 1.16113970407538
21 36784182 0.686320727757276
21 36798134 0.627352419195374
21 36820519 0.470399926894963
21 36829742 1.7901
21 36834973 2
21 36839032 0.00360338250359712
21 36844245 0.0536832158313851
21 36854989 0.262818368202772
21 36858642 2
21 36866178 5e-04
21 36872903 2
21 36879155 5e-04
21 36880780 0.33044903731402
21 36888490 2.56558754041565
21 36900734 2
21 36905110 0.539157841541295
21 36910546 2
21 36914674 2
21 36923235 2
21 36924678 2
21 36927415 2
21 36928405 2
21 36930243 2
21 36930583 2
21 36948602 2
21 36950637 2
21 36951228 2
21 36956022 2
21 36958053 2
21 36971999 0.127209259705808
21 36980968 1.4711055144295
21 36991008 2
21 36993130 2
21 36994514 2
21 37000429 2
21 37024482 0.6830398051106
21 37024567 0.367394436966337
21 37026490 0.0046
21 37029077 0.424539400993551
21 37029503 0.757984876117301
21 37031135 1.02245279165156
21 37046561 2
21 37062325 2
21 37069836 2
21 37070182 2
21 37075084 2
21 37075189 2
21 37078830 2
21 37082145 2
21 37097537 2
21 37100154 2
21 37110004 2
21 37111959 2
21 37118121 2
21 37127310 2
21 37144249 2
21 37159053 0
21 37167542 2
21 37171000 2
21 37174504 2
21 37174686 2
21 37176921 0.5975
21 37186587 2
21 37189617 2
21 37199339 2
21 37202379 2
21 37203659 0.5975
21 37205516 2
21 37206427 2
21 37208509 2
21 37222300 0.7002
21 37232269 2
21 37235859 0.251906913085475
21 37262247 1.90787653216271
21 37270765 0.0078
21 37276101 2
21 37278717 0.0126
21 37280477 0.0542477616149902
21 37282045 0
21 37308519 5e-04
21 37311327 2
21 37314816 2
21 37351413 0.7801
21 37363019 1.1237
21 37366156 0.809792601646373
21 37372294 2
21 37395281 0.863589021222572
21 37407157 2
21 37419461 2
21 37426821 0
21 37429121 2
21 37441870 0.779685304349036
21 37443154 1.02724442957859
21 37445088 2
21 37450958 2
21 37474448 2.9795
21 37500166 2
21 37520940 1.1237
21 37542614 1.6565
21 37543580 1.63276955799374
21 37581747 0.735882406350913
21 37587915 0.5619
21 37589525 0.284138590015548
21 37592545 2
21 37592981 2
21 37593719 2
21 37593842 0.535
21 37634655 2
21 37651600 0.0561
21 37662460 0.352107895812095
21 37663183 2
21 37663463 2
21 37667954 2
21 37668259 2
21 37669879 0.0162
21 37677557 2
21 37687633 2
21 37709526 2
21 37722792 2
21 37730118 2
21 37762257 1.86715289376845
21 37763991 0.661188517450422
21 37764576 0.332601412883738
21 37796862 2
21 37801731 0.506559500621694
21 37805625 0.616643771035852
21 37819951 2
21 37829510 2
21 37831197 2
21 37832746 2
21 37841635 0.114336465134009
21 37844359 0.0461101519060285
21 37852631 2
21 37855300 2
21 37863860 1e-04
21 37873249 0.3175
21 37919640 1.75788340310829
21 37924320 0.334303475088502
21 37950613 2.978
21 37954136 2
21 37963127 1.16158500608329
21 38002811 0.0078
21 38010667 1.504
21 38013331 0.995601681389585
21 38038613 1.8181
21 38039932 0.355632012057097
21 38043667 0.0181
21 38051842 0.119521451498378
21 38095700 1.4106
21 38099862 2
21 38108882 2
21 38116543 0.1685
21 38149016 0.562995479818355
21 38151173 0.1922
21 38157843 1.24821281661234
21 38174733 0.4619
21 38205156 1.20232797178365
21 38219252 0.1922
21 38219965 0.2166
21 38224444 0.2084
21 38243132 0.1922
21 38244393 0.1922
21 38263208 0.0151612652320833
21 38270882 1.19912847312889
21 38275560 0.281178526029916
21 38276461 0.1608
21 38279631 1.2185195692049
21 38280918 0.1681
21 38285330 1.11567136328517
21 38287844 1.43409654581386
21 38310611 0.1536
21 38311282 0.370488668683193
21 38316511 1.02565164981168
21 38333015 2
21 38333345 2
21 38335210 2
21 38335526 0.517476408426609
21 38339020 1.16644145092492
21 38354218 0.814001619136623
21 38361801 0.447380950993848
21 38413264 0.417043110080951
21 38419939 0.7822
21 38427616 2
21 38429540 0.4096
21 38429710 8e-04
21 38450983 0.32617216802558
21 38453660 2
21 38455123 0.3087
21 38461845 2
21 38463363 0.0561
21 38471469 0.362381156576192
21 38492803 0.0704
21 38533302 0.232186854502456
21 38544966 2.13627935098988
21 38545811 0.683243581006931
21 38549871 1.47818396048889
21 38552352 0.693171966010411
21 38553886 0.349443637852077
21 38554930 0.865614344151675
21 38555124 0.0637927057869105
21 38565081 2.10175599409636
21 38567073 1.43738068382198
21 38571346 0.7519
21 38576150 1.2154
21 38588897 2
21 38592941 2
21 38623916 2
21 38643384 2
21 38644936 0.3302
21 38646547 0.155
21 38652906 0.1622
21 38676961 2
21 38688347 0.1619
21 38698923 2
21 38725473 0.242544632130263
21 38737614 3.427
21 38746262 2
21 38762098 2
21 38764445 0.2893
21 38767220 2
21 38769942 0.0745
21 38780448 0.1846
21 38799672 0.551818730809564
21 38812610 0.0943
21 38821990 2
21 38829920 2
21 38837392 2
21 38841503 0.527386399174213
21 38842746 0.462145737055737
21 38845814 1.35315366084604
21 38849241 2
21 38851413 2
21 38856278 2.13127673120871
21 38862574 2
21 38863903 2
21 38866627 2
21 38876466 2
21 38881615 2
21 38882541 2
21 38882899 1.35835887574118
21 38899433 2
21 38913755 2.24803300239265
21 38930032 2.22879385624486
21 38930089 2
21 38933942 2
21 38947932 2
21 38948413 2
21 38949200 1.03800027304231
21 38956110 0.723151864580455
21 38956395 2
21 38958283 1.1383
21 38959791 1.27320575073824
21 38979275 1.01423830728524
21 38979854 0.597091618119145
21 39002096 2
21 39003244 1.1505
21 39005066 3e-04
21 39005070 5e-04
21 39007738 1.1965
21 39016347 0.2852
21 39018589 0.7202
21 39028374 0.3935
21 39035999 2
21 39036837 0.0502
21 39047715 2
21 39053108 0.6107
21 39053229 2
21 39080305 2
21 39088933 2
21 39090687 2
21 39111851 2
21 39114564 2
21 39120955 0.838159954152352
21 39127240 2
21 39153361 2
21 39155169 0.674
21 39156030 0.8975
21 39157204 0.6565
21 39161238 2
21 39164808 0.127922555234354
21 39166330 2
21 39174643 2
21 39174791 0.674
21 39182429 0.937648318943892
21 39183690 0.674
21 39188336 0.674
21 39197582 2
21 39201178 2.10359419262589
21 39208243 0.6921
21 39222730 0.674
21 39228387 1.70153716501283
21 39246313 2
21 39263083 0.878359044200332
21 39270460 0.674
21 39272184 0.8291
21 39280456 1.43822850309683
21 39282557 2
21 39289531 0.352532919688787
21 39297972 0.65038066114687
21 39301476 2.31540655178349
21 39302754 0.0447694990273832
21 39304619 0.456256032313736
21 39307938 2
21 39311452 2
21 39311533 0.674
21 39314152 0.815196673354349
21 39314401 1.08623447468644
21 39317658 0.0733
21 39321564 0.676857542937434
21 39331325 0.771
21 39333921 2.2027271154442
21 39336898 2
21 39340005 2
21 39340441 0.723756624356035
21 39345574 2.49121565359603
21 39349762 0.8698
21 39388679 2
21 39400119 2
21 39403486 2
21 39407364 0.371355407953778
21 39417836 0.305967330585047
21 39445145 0.4021
21 39490407 0.3809
21 39490796 0.3785
21 39498037 0.4219
21 39499260 0.3785
21 39505104 2
21 39510222 0.3919
21 39510462 0.3892
21 39533749 0.5474
21 39534590 2
21 39547425 0.1261
21 39554257 0.1261
21 39555576 0.0078
21 39565618 2
21 39566342 2
21 39568605 0.733811173260819
21 39569323 2
21 39569571 2
21 39569987 2
21 39570566 2
21 39572302 1.36629215066832
21 39572643 2
21 39577801 0.388234233321896
21 39589635 2
21 39590466 2
21 39599537 1.07483928470636
21 39602825 2
21 39605836 2
21 39617769 2
21 39621564 2
21 39638778 1.3464
21 39639440 2
21 39640353 2
21 39647961 2
21 39657659 0.90474256622947
21 39675949 0.0798
21 39697762 0.4101
21 39702757 2
21 39704885 2
21 39707744 2
21 39715399 2
21 39716772 2
21 39735117 0.693952528391536
21 39742781 0.906665231557123
21 39743630 0.3015
21 39744665 2
21 39748604 0.6757
21 39749244 0.394
21 39750710 0.6757
21 39752972 0.394
21 39755309 0.394
21 39756936 0.394
21 39759510 0.394
21 39760578 0.365939826577856
21 39761823 0.788070919929296
21 39762128 0.1032
21 39762760 0.0968
21 39763399 1.38515275481016
21 39765572 0.600040607524067
21 39775496 0.173708431267482
21 39791306 0.190368160309541
21 39791619 0.0844691478637266
21 39793535 0.477594606187218
21 39807055 0.0942301463961512
21 39807226 0.0685096858070783
21 39814611 1.8053
21 39817614 0.8722
21 39821024 0.997298705811875
21 39823380 1.05951592572983
21 39825573 0.139710917520164
21 39826783 0.4301
21 39829362 1.05245159170484
21 39831231 0.0622187301191765
21 39833345 2.08563487806244
21 39834523 0.560764001174616
21 39837853 0.723078115807445
21 39848337 0.4184
21 39857308 1.3156
21 39863737 1.1376
21 39876734 0.195410652177603
21 39877133 0.162663079271169
21 39882176 0.356250682979693
21 39889533 0.217740212856312
21 39889605 1.2388
21 39897630 1.80409409713912
21 39902398 3.00589297517716
21 39903538 2.05388119763284
21 39904871 0.642427110922335
21 39905864 0.7241
21 39912788 2
21 39914307 2
21 39919046 0.000883007878429675
21 39922965 2
21 39924577 2
21 39927337 5e-04
21 39931951 2
21 39935532 0.47847533514923
21 39937562 2
21 39954731 1.80988021401453
21 39954990 2
21 39962101 0.0447637631002954
21 39970201 2
21 39971364 0.915000764167788
21 39974533 2
21 39979968 2
21 39989430 1.77726108151701
21 40006224 1.0789
21 40012903 2
21 40013833 2
21 40020637 0.0444
21 40042949 2
21 40051184 2
21 40061568 2
21 40075672 2
21 40102091 1.0955
21 40106265 2.10730853742556
21 40116638 1.80720267661445
21 40120548 1.455
21 40129230 0.805986743963707
21 40141536 0.2422
21 40142302 2.6981
21 40142494 0.2422
21 40149962 2
21 40157991 2
21 40159393 0.0502
21 40160197 2.6476
21 40171859 0.914971291398918
21 40174531 0.908540335367745
21 40181156 2.6476
21 40181842 0.614469048391628
21 40183038 7e-04
21 40185125 0.487120346894619
21 40191486 0.12801647275001
21 40192620 2.0901
21 40194058 0.282605657495801
21 40194951 0.141222668793109
21 40195477 1.17695093184449
21 40201464 3.07055192765993
21 40203407 0.206502534371228
21 40204507 0.00086276896138438
21 40209795 0.705621957597617
21 40213801 0.420976372575464
21 40225123 0.0291685257387951
21 40226920 0.0165
21 40228007 2.2027
21 40245880 0.163579154645126
21 40247711 2.234
21 40266242 0.735277910433909
21 40267200 5e-04
21 40277170 0.0328935067021335
21 40286411 0.6151
21 40317393 0.4982
21 40340399 2
21 40361164 2
21 40385653 2
21 40418033 2
21 40436629 2
21 40437206 2
21 40442360 0.694595420125641
21 40453093 1.3166
21 40456909 3.10933940843687
21 40476716 1.0077
21 40477551 0.8194
21 40480595 1.08527660748026
21 40481108 0.8194
21 40483791 0.272215527484719
21 40489964 1.1209
21 40490099 1.2177
21 40490520 1.1237
21 40491145 1.1237
21 40492476 2.11618131241377
21 40492688 0.827711512497382
21 40493875 8e-04
21 40502617 0.0266554879388349
21 40507399 0.5735
21 40513563 1.1237
21 40519826 0.9787
21 40520637 0.9164
21 40534572 0.0177005802976028
21 40535770 0.9164
21 40549002 2
21 40558517 2
21 40570780 2
21 40576091 2
21 40580658 0.186966476411872
21 40584855 2
21 40587079 0.152546103014601
21 40592643 2
21 40592768 2
21 40593378 0.289687001297014
21 40593899 2
21 40600348 2
21 40602537 1.4483
21 40604565 2
21 40605527 1.4483
21 40610683 2
21 40620026 5e-04
21 40637542 0.0767
21 40637560 5e-04
21 40637651 2.05387876579421
21 40640727 2
21 40642344 0
21 40645402 2
21 40646414 2
21 40646630 2
21 40649114 2
21 40650642 0.556007517722365
21 40650706 2
21 40653668 1.5818
21 40662599 0.0678
21 40669944 2
21 40674801 2
21 40677983 2
21 40679617 2
21 40682328 2
21 40682775 5e-04
21 40686174 0.234817721743484
21 40697453 2
21 40698861 0
21 40706801 2
21 40709272 2
21 40711181 2
21 40715438 2
21 40716725 1.6592
21 40733597 1.072
21 40735868 1.029
21 40743681 0.183135918837905
21 40752233 0.653054962379348
21 40756564 2
21 40757086 1.20259527348692
21 40758236 1.03871306944332
21 40759591 0.343945197279039
21 40771902 0.537777094481974
21 40780761 0.128850877431639
21 40790660 0.9871
21 40799326 0.6508161391415
21 40806359 0.217750229921947
21 40807986 0.883816206406144
21 40833460 2
21 40836131 1.03323643147301
21 40836600 2
21 40837835 2
21 40863592 0.820423475388222
21 40873641 2.25855566062583
21 40873932 1.4946
21 40874664 0.519535069215789
21 40876845 0.581052339622597
21 40890543 2
21 40893148 0.135707814731416
21 40896802 2
21 40911706 2
21 40913099 2
21 40913799 2
21 40926277 2
21 40940514 2
21 40946957 5e-04
21 40949041 2
21 40973506 1.46415061492982
21 40977120 0.534266106105052
21 40977196 0.657703529337824
21 41003674 1.64446874565819
21 41009559 0.892
21 41012812 2
21 41020557 0.1007
21 41021577 2
21 41026196 2
21 41031382 0.1689
21 41043849 0.0078
21 41062854 2
21 41064185 0.6343
21 41069647 2
21 41070820 1.4855
21 41078680 0.696197290541983
21 41096002 2
21 41096606 2
21 41098598 0.8275
21 41102594 1.5987
21 41119193 2
21 41120186 0.449095130044716
21 41123693 1.91268265091601
21 41131658 2
21 41145823 2
21 41150729 0.143531103831515
21 41152415 2
21 41153345 1.69147280691026
21 41153525 2
21 41159832 2
21 41160148 0.470494656581993
21 41164199 0.483381404404429
21 41174254 2
21 41175967 2
21 41176526 0.8779
21 41191451 0.0409893873825426
21 41194205 0.688
21 41210260 0.6746
21 41211300 1.9017
21 41214203 0.738919119827309
21 41234830 0.986
21 41237942 2
21 41246305 0.1723
21 41253343 0.4708
21 41271845 0.4201
21 41271918 0.688
21 41274591 0.4201
21 41292762 0.5408
21 41299612 2
21 41317356 2
21 41329398 1.5954
21 41338248 0.0586
21 41349857 1.1708
21 41365125 1.4591
21 41390345 2
21 41434603 1.04955963494097
21 41440964 1.52212879469589
21 41442345 0.278606838545527
21 41449475 5e-04
21 41451468 0.165006214704644
21 41460024 5e-04
21 41468653 0.1323
21 41473240 1.7981
21 41475015 2.5163
21 41475211 0.4076
21 41487352 2
21 41487759 2
21 41488558 2
21 41492218 2
21 41508389 0.29
21 41509390 1.5079
21 41513947 2
21 41517211 1.5079
21 41518177 0.5965
21 41520421 0.243023009810179
21 41522593 2
21 41529106 2
21 41545657 1.62154734337555
21 41545787 1.01690627439733
21 41552228 0.2543
21 41554694 0.462808827527372
21 41556271 0.5281
21 41565852 2
21 41572263 0.5123
21 41574876 2.6418
21 41581276 2.7977
21 41604758 0.2471
21 41609476 2
21 41620445 0.284256331427589
21 41620475 0.9821
21 41626247 0.325049458675337
21 41632473 0.3659
21 41638770 2
21 41639009 2
21 41639207 2
21 41639418 2
21 41639802 2.6476
21 41646112 0.84598192272182
21 41665831 0.5529
21 41665833 0.5529
21 41677194 0.2135
21 41677311 0.2135
21 41678372 1.55821053012475
21 41686396 0.563550405048173
21 41693385 2.0718
21 41700656 0.946777376098905
21 41701633 0.877913227433037
21 41708537 2
21 41722183 0.4709
21 41740748 2
21 41758043 0.261476014792083
21 41780922 1.08032634656212
21 41791065 2
21 41805330 0.535289669602404
21 41806021 2
21 41818750 0.897385187832497
21 41826825 0.2681
21 41836003 5e-04
21 41838244 0.2951
21 41845085 2e-04
21 41847379 1.1738
21 41850025 0.1335
21 41855386 2
21 41864801 1.2233
21 41865749 2
21 41866233 2
21 41867507 2
21 41869698 2
21 41871845 1.41456073174135
21 41877695 2.335
21 41879475 0.819052365952177
21 41891876 2
21 41892884 2
21 41893719 2
21 41896097 2
21 41897124 1.2138
21 41897914 2
21 41899726 2
21 41899865 2
21 41900483 1.53811207233282
21 41906505 2
21 41932445 1.94704743341376
21 41941396 2
21 41958688 0
21 41967546 0.0217
21 41970573 0.8716
21 41971693 0.7465
21 41977823 2
21 41984161 2
21 41998796 0.879260948424564
21 42014194 0.461283730972733
21 42015297 2
21 42016980 0.8179
21 42026788 0.9664
21 42027480 2
21 42029295 2
21 42033844 2
21 42049179 2
21 42051017 2
21 42053457 2
21 42053468 2
21 42055565 2
21 42062474 0.2673
21 42073021 0.4116
21 42076839 0.355769520438293
21 42078185 0.721976282462963
21 42082925 5e-04
21 42093217 2
21 42093221 2
21 42101428 0.8783
21 42108934 2e-04
21 42110561 0.9774
21 42112398 2
21 42125739 2
21 42126399 1.28
21 42134140 1.28
21 42134738 0.693578922699703
21 42135064 0.054
21 42137056 2
21 42139661 2
21 42142789 1.1377
21 42150712 1.4826
21 42158615 1.80703381350133
21 42160190 0.5366
21 42169541 0.3134
21 42169573 0.3134
21 42170133 0.5252
21 42182932 0.0519
21 42186887 0.5137
21 42191853 1.1543
21 42192422 1.4001
21 42213237 1.4667
21 42217878 1.3946
21 42219058 1.7134
21 42220073 1.3946
21 42231595 0.4328
21 42238116 0.445
21 42241810 0.9255
21 42252104 1.6933
21 42264346 1.25785014737894
21 42265013 1.75801659530732
21 42273269 2
21 42278886 1.2154
21 42288880 0.4035
21 42290664 1.2069
21 42292631 2
21 42319031 0.731492546461513
21 42320055 2.5187
21 42320578 0.761498305733208
21 42324208 1.22498174280163
21 42324492 0.863037311558572
21 42331989 0.319649607898517
21 42335793 1.1034
21 42340508 0.461841376851831
21 42344387 0.5083
21 42349739 2.3613
21 42357111 1.13636072480317
21 42359608 2.3881
21 42364305 2.5187
21 42365959 0.0299
21 42366076 2.4166
21 42399911 1.18487482102567
21 42405410 0.3059
21 42411846 2
21 42414745 0.366
21 42415458 0.893033644920561
21 42465836 0.0386
21 42472665 0.322330290708708
21 42473074 2
21 42477239 2
21 42480491 2
21 42485217 0.5023
21 42523000 0.176301886675601
21 42545803 1.26695562033511
21 42552579 2
21 42556905 2
21 42557203 2
21 42559701 2
21 42562933 0.237
21 42566580 2
21 42567219 0.1867
21 42569281 0.4766
21 42569594 2
21 42570109 2e-04
21 42570557 0.775079860217786
21 42570688 2
21 42573372 2
21 42578473 2
21 42579942 0.4766
21 42581662 2
21 42586641 0.4766
21 42587502 1.58413723516093
21 42591600 0.4766
21 42599937 0.4766
21 42600586 2
21 42601882 0.0739
21 42629063 2
21 42635709 0.2354
21 42637598 0.342780365221393
21 42645802 2
21 42648135 0.372726410244489
21 42652962 0.323260568028423
21 42652963 2
21 42661192 2
21 42662746 2
21 42669375 1.9804
21 42686975 2.12337671669591
21 42690152 1.42679193647213
21 42700657 0.492446286871307
21 42706717 2.1561
21 42709215 2
21 42714187 2
21 42719931 0.104222423057449
21 42721370 0.3376842687541
21 42721982 0.0424178541681368
21 42722861 2.14
21 42724272 0.8103
21 42728871 2
21 42737601 0.196889003327823
21 42740634 0.5823
21 42747814 1.9078
21 42750481 0.475341533459643
21 42750617 0.288016493596272
21 42765685 0.331246937120395
21 42766936 1.8798
21 42780651 0.3815
21 42785467 0.486
21 42798802 2.49165103905427
21 42802643 1.53120144494029
21 42804661 0.0217
21 42818925 0.4567
21 42818929 0.9069
21 42837702 2
21 42842931 2
21 42848724 0.503943847216983
21 42848897 0.2148
21 42849094 0.1698
21 42849245 0.258774985446328
21 42853151 2.5953
21 42853322 2
21 42853376 2.1728
21 42863979 0.6047
21 42864037 2
21 42864061 1.6996
21 42866058 2
21 42873246 1.3289
21 42889631 2
21 42890520 2
21 42893022 2
21 42896176 2
21 42902035 1.257
21 42904219 2
21 42904649 2
21 42906207 2
21 42925576 2
21 42929185 2
21 42939997 2
21 42941200 2
21 42941797 2
21 42942645 2
21 42942748 1.6785
21 42955073 0.318526898403657
21 42962949 1.3799
21 42963449 2
21 42969240 2
21 42970758 2
21 42976165 0.0658
21 42978404 0.0658
21 42998211 0.0658
21 43008067 0.341335357498561
21 43016609 1.6627
21 43024665 0.0658
21 43027768 2
21 43029279 1.0007
21 43032728 2
21 43036251 2
21 43037096 2
21 43038579 2
21 43043671 2
21 43046040 2
21 43047581 0.1023
21 43048274 1.00207277428367
21 43050877 1.02546295141487
21 43054723 1.10736789470612
21 43055676 1.1529476576626
21 43066214 0.9839
21 43081262 1.6537
21 43088320 0.5078
21 43088326 2
21 43114050 0.559
21 43130077 1.9145
21 43137961 0.0427802910783211
21 43157414 0.692429689189095
21 43166561 0.478572054269221
21 43166998 0.4804
21 43168647 0.2938
21 43186147 2
21 43198453 2
21 43278293 0.592173293016908
21 43280010 0.470747252993259
21 43285691 0.822769739171017
21 43293767 0.859965576194249
21 43301699 2
21 43302754 0
21 43311740 0.718558950646501
21 43334353 2
21 43334557 1.07382629722747
21 43339331 0.351167231784306
21 43356935 2
21 43374494 2
21 43411649 2
21 43413054 2
21 43413277 2
21 43432672 1.1715
21 43436098 0.9987
21 43439291 2
21 43452834 2
21 43466541 1.21011078239123
21 43494701 0.482826642697641
21 43516122 2
21 43543282 2.9009
21 43543806 0.852322956701591
21 43559790 0.20908424341267
21 43565391 0.192845203355261
21 43569229 2
21 43571278 1.83243223320134
21 43579939 0.5395
21 43600084 0.3737
21 43632049 1e-04
21 43643966 0.5478
21 43656562 0.609809165851305
21 43662484 0.242
21 43663378 2
21 43664349 2
21 43665353 0.242
21 43694227 0.242
21 43694848 2
21 43697239 0.242
21 43701280 0.2587
21 43714036 2
21 43714067 0.242
21 43718539 0.626
21 43728646 2
21 43739113 2
21 43755836 1.9077
21 43760317 1.9077
21 43763541 0.31915090679346
21 43763747 0.39354036260969
21 43767678 0.161
21 43773435 1.5522
21 43786468 1.1995
21 43807782 2
21 43818097 2
21 43820845 2
21 43822011 2
21 43822234 2
21 43823119 2
21 43823323 1.1995
21 43832557 1.5083
21 43832957 2
21 43834599 1.5083
21 43850565 2
21 43851785 2
21 43853596 2
21 43854358 2
21 43856543 2
21 43857388 2
21 43858536 0.401
21 43859644 1.7012
21 43863076 0.4164
21 43875897 2
21 43884293 1.9375
21 43886219 2
21 43887144 2
21 43898620 1.8889
21 43905148 0.0301793641558112
21 43968763 0.5531
21 43973199 0.4415
21 44013150 2
21 44019172 2
21 44024948 2
21 44026708 2
21 44044286 0
21 44066335 2
21 44078255 2
21 44085401 2
21 44117107 2
21 44120326 2
21 44122712 2
21 44134662 2
21 44146585 2
21 44153478 2
21 44154705 2
21 44162345 2
21 44165750 2
21 44169194 2
21 44170097 2
21 44176050 2
21 44176529 2
21 44188113 2
21 44192067 0.6044
21 44198653 0.6044
21 44199395 2
21 44208491 2
21 44209710 2
21 44213816 2.56979760987128
21 44214014 1.268
21 44216909 0.2207
21 44222343 1.368415095951
21 44222344 1.90850182581596
21 44237817 0.300714595937189
21 44239300 1.68858699416173
21 44245447 2.32287095788328
21 44262661 2
21 44264496 2
21 44265187 0.5394
21 44270189 1.3575
21 44278888 0.157428173743334
21 44280941 2
21 44281411 2
21 44283460 0.8612
21 44289270 1.216
21 44289278 8e-04
21 44305974 0.6165
21 44313117 2
21 44347061 2
21 44357563 2
21 44359287 2
21 44367367 2
21 44390777 2.978
21 44391460 2
21 44396424 1e-04
21 44407278 2
21 44407741 2
21 44417341 2
21 44417907 2
21 44445284 1.54609353373985
21 44448356 0.729856607862221
21 44453225 0.0298648158880792
21 44466009 0.0078
21 44469555 0.0416177559028466
21 44484894 5e-04
21 44497870 2
21 44502941 0.5981
21 44564055 1.31454567014832
21 44582972 1.05340316150189
21 44584271 2.18283062077833
21 44585504 0.371556199949
21 44586317 0.24993137942554
21 44596238 2
21 44601264 2
21 44602019 2
21 44602388 2
21 44603560 2
21 44604249 5e-04
21 44615549 2
21 44629373 0.0823
21 44637803 2
21 44640867 0.8746
21 44653743 2
21 44654187 2
21 44656721 0.3672
21 44658602 2
21 44665816 2
21 44671962 2
21 44677601 2
21 44686603 2
21 44687368 2
21 44688011 2
21 44690629 2
21 44695248 2
21 44696804 2
21 44706914 2
21 44709524 2
21 44710082 2
21 44728205 0.434260099152881
21 44732789 0.140270092047424
21 44736687 0.2906
21 44743523 0.6729
21 44755630 0.2253
21 44759683 2
21 44760365 0.4032
21 44768285 1.0498
21 44774366 2
21 44783707 1.0498
21 44786525 0.3466
21 44787971 2
21 44817494 0.347488314023632
21 44825300 0.0415698832391836
21 44825961 2
21 44829660 0.4669
21 44835280 1.176
21 44843290 0.2605
21 44849504 0.465055829612877
21 44863754 1.11741494088502
21 44866471 3.5968
21 44873155 0.4449
21 44874762 0.5563
21 44876174 2
21 44882478 2
21 44892197 0.4154
21 44899560 0.998278041713079
21 44907286 2
21 44918939 0.5271
21 44920928 1.34028326984926
21 44938102 1.36425948092939
21 44938942 0.00411402104589713
21 44943519 0.828071422584132
21 44945037 2
21 44969945 5e-04
21 44971454 0.290360818328529
21 44974252 1.35496286927924
21 44978372 2
21 44978776 1e-04
21 44979043 2.6417
21 44982383 1.86865086101565
21 44983352 0.810985474127105
21 44987094 1.07830392501451
21 44994164 1.52921007731694
21 44997506 1.4678
21 45004598 0.869901224375898
21 45013646 5e-04
21 45018580 0.542053467713937
21 45018734 6e-04
21 45025840 1.2238
21 45051504 0.902743149305668
21 45053167 2.21837085286018
21 45065491 0.645885348549318
21 45073838 2
21 45087164 1.2461
21 45088433 1.2461
21 45092160 2
21 45097296 0.966035015413823
21 45114276 0.587897261864342
21 45133083 0.667927940781859
21 45143099 0.723385081670785
21 45146616 1.2461
21 45156525 5e-04
21 45161380 0.932
21 45168189 2
21 45170586 2
21 45182918 2
21 45198485 5e-04
21 45199643 0.106711269683564
21 45202127 1.3645
21 45202954 2
21 45239074 1.06320042106557
21 45241469 0.0731416933185787
21 45243545 1.81870124205194
21 45251373 1.66461598555188
21 45251800 1.4751473251942
21 45254129 2
21 45260851 1.68198560822554
21 45261178 0.268891579290166
21 45271053 1.41255384864667
21 45273213 0.250962523017483
21 45292025 2
21 45294942 2
21 45296933 2
21 45303058 2
21 45312632 2
21 45319438 2
21 45322406 0.505
21 45324441 5e-04
21 45324581 2
21 45342852 2
21 45348615 2
21 45357937 2
21 45360790 0.4238
21 45369049 2
21 45369430 2
21 45372341 2
21 45372457 2
21 45380825 2
21 45393763 0.0976
21 45393799 5e-04
21 45393911 1.25371284754045
21 45393923 2
21 45397465 0.6843
21 45400192 0.813080441103218
21 45401076 0.1043
21 45402697 0.9762
21 45404976 0.636781096836538
21 45406762 0.276954205749984
21 45409447 1.4023
21 45411644 1.9671
21 45437225 1.15906908094766
21 45437386 0.0263
21 45437630 0.370314136017806
21 45437728 5e-04
21 45437924 0.516692950942034
21 45437947 5e-04
21 45437987 5e-04
21 45440842 1.85065288332929
21 45463417 2
21 45464809 0.0158
21 45470987 0.8606
21 45479928 2
21 45479943 2
21 45480632 1.27644797999549
21 45490501 1.59302447061084
21 45498660 0.579123635706943
21 45506140 0.5941
21 45509756 2
21 45520924 1.0809772608342
21 45521182 2
21 45527801 5e-04
21 45528653 1.58637419953472
21 45532636 0.723028251899475
21 45550353 2
21 45550923 0.9521
21 45555215 1e-04
21 45579169 2
21 45591865 2
21 45606515 0.3015
21 45607831 2
21 45608247 2
21 45622392 0.6361
21 45624602 2
21 45629714 2
21 45631107 2e-04
21 45635752 2
21 45636179 5e-04
21 45643207 2
21 45646113 1.40729578905688
21 45658860 1.5766
21 45666011 1.5766
21 45677417 1.5766
21 45681933 2
21 45690603 2
21 45699210 0.6074
21 45716743 0.6074
21 45724204 0.6074
21 45724810 0.6361
21 45752050 0.5802
21 45774104 0.5802
21 45775359 1.06517345345486
21 45803040 2
21 45813544 0.6361
21 45833301 1.1256
21 45841541 1.0415
21 45858394 0.0347
21 45861665 0.0347
21 45861915 0.0347
21 45862282 1.0415
21 45864978 1.0415
21 45868751 1.0415
21 45869629 0.2962
21 45873607 0.0347
21 45878289 2
21 45880302 2
21 45883414 0.0483
21 45884004 1.0415
21 45886142 0.3787
21 45892082 0.0867035688833683
21 45892507 2.68741949303261
21 45893590 0.8331
21 45893984 0.5658
21 45898362 0.4161
21 45905609 0.2962
21 45906107 0.491067579298526
21 45909878 5e-04
21 45911463 2
21 45912267 1.09207174842323
21 45918413 0.869873505871251
21 45919840 0.3539
21 45925783 2
21 45943462 2
21 45944597 0.8024
21 45946837 1.0081
21 45948522 0.0271859828424641
21 45953691 0.8794
21 45959576 0.2802
21 45966463 0.9767
21 45970087 1.1512
21 45972236 1.75448323570771
21 45980857 0.392332036405037
21 45980929 2
21 45981642 1e-04
21 45985461 0.93913330314453
21 45987840 2
21 45988396 0.742773341512614
21 45999363 0.00564177827624865
21 46001879 0.2972
21 46003722 1.72308427327215
21 46006218 0.1756
21 46006354 0.3015
21 46011059 0.152512308883625
21 46011117 0.9052
21 46013545 0.9533
21 46020622 0.489525616852677
21 46026136 2
21 46032165 0.639513071599662
21 46040899 2
21 46047057 0.3908
21 46047770 0.0072
21 46048495 2
21 46052822 0.613
21 46052898 1.0212
21 46055178 2
21 46058521 0.174372453703997
21 46068690 5e-04
21 46071068 2.6704
21 46071100 2
21 46081620 2
21 46081812 2
21 46091092 6e-04
21 46107355 2
21 46127691 2
21 46129715 0.9886
21 46132613 1.9295
21 46132671 2
21 46134507 0.804542731643975
21 46137619 4.0143
21 46139434 2
21 46143449 2
21 46156325 1.5846
21 46159754 0.447959222764399
21 46160711 0.2663
21 46167162 2
21 46172129 2
21 46179099 2
21 46182243 1.1559
21 46215799 0.3711
21 46220657 0.327061356115708
21 46222409 0.2194
21 46249734 0.2194
21 46252003 1.72812460124129
21 46254361 0.2467
21 46265873 0.2194
21 46270154 0.2194
21 46276324 0.2194
21 46288355 0.0814
21 46302664 2
21 46308776 1.5085
21 46320991 2
21 46321179 0.0263
21 46327126 1.5085
21 46333581 0.144
21 46346199 1.5327
21 46363881 0.1041
21 46382767 1.63
21 46391807 1.5411
21 46403906 5e-04
21 46410929 2
21 46414412 1.339
21 46433244 2
21 46445019 2.003
21 46447275 1.5165
21 46458130 2
21 46464843 1e-04
21 46465226 2
21 46465313 2
21 46467335 2
21 46471612 2
21 46486093 0
21 46503179 0.4382
21 46505806 0.525829581131559
21 46506722 5e-04
21 46516382 2
21 46521103 2
21 46538744 2
21 46540741 2
21 46557240 1.414
21 46568316 1.3753
21 46568469 1.3753
21 46574773 2.02527108160795
21 46582336 1.4485
21 46583167 1.4485
21 46583856 1.4485
21 46584371 2
21 46594303 1.4485
21 46595816 1.4485
21 46611371 1.1736
21 46614005 2
21 46669379 0.5831
