chr pos logPval
22 10561588 0
22 10662353 1.38081106027094
22 10667798 0.5957
22 10667882 0.336518042343287
22 10672702 2
22 10673307 0.643369836482083
22 10692407 5e-04
22 10695759 0.138347599438205
22 10696006 6e-04
22 10698427 1.47997925385674
22 10701461 1.43251885154189
22 10704003 0
22 10705965 0.536235568120617
22 10711980 5e-04
22 10713652 5e-04
22 10716431 5e-04
22 10717194 5e-04
22 10719602 5e-04
22 10720075 1.13088918063335
22 10720076 1.25323730504346
22 10735061 5e-04
22 10737497 5e-04
22 10739301 5e-04
22 10750109 5e-04
22 10759526 5e-04
22 10764425 5e-04
22 10767761 5e-04
22 10774710 2
22 10776600 5e-04
22 10780663 5e-04
22 11211183 1.68769285297821
22 11211973 1.65979949445929
22 11252890 0.605789777728906
22 11253913 0.344015184286705
22 11309100 0.383242034367482
22 11477380 2
22 11493731 2
22 11792409 1.4998
22 11795457 2
22 11811674 3.8796
22 11811798 2
22 11941727 1.06350265815723
22 11944775 5e-04
22 11945548 2
22 11945774 2
22 11951276 2
22 11976413 3.5603
22 12032544 0.58284629405451
22 12120522 4e-04
22 12123070 0.973823170794443
22 12196520 2.9974
22 12365688 0.771091919105415
22 12397293 0.480248201794634
22 12398518 2.40943169997073
22 12432178 1.08917899624049
22 12692320 2
22 12778621 2e-04
22 12783834 2e-04
22 12798933 2.777
22 12817353 2e-04
22 15346042 2
22 15712910 2.8679
22 15942467 2
22 15948414 2
22 15952045 2
22 16023634 2
22 16038260 2
22 16038281 2
22 16054959 2
22 16067332 2
22 16085848 5e-04
22 16098497 2
22 16102514 2
22 16108084 2
22 16112668 2
22 16113443 2
22 16122942 2
22 16124912 2
22 16128386 2
22 16128396 2
22 16130169 2
22 16130580 2
22 16134469 2
22 16139379 2
22 16140529 2
22 16167211 2
22 16167225 2
22 16167380 2
22 16173096 2
22 16173097 2
22 16178107 2
22 16179004 2
22 16179804 2
22 16183975 2
22 16184948 2
22 16187460 2
22 16189056 2
22 16189188 2
22 16189990 1.0987569940452
22 16196362 2
22 16203155 0.0263
22 16203682 2
22 16208704 2
22 16214960 2
22 16219517 2
22 16219522 2
22 16220253 2
22 16223615 2
22 16228996 2
22 16230171 2
22 16231727 2
22 16232209 5e-04
22 16234761 2
22 16235393 2
22 16235694 2
22 16239643 2
22 16239785 2
22 16240375 0.0263
22 16243936 2
22 16245233 2
22 16247913 2
22 16249174 2
22 16249560 2
22 16252148 2
22 16253887 2
22 16255024 0.0263
22 16256159 2
22 16257313 2
22 16257342 2
22 16257904 2
22 16269511 2
22 16273288 2
22 16275787 2
22 16278956 2
22 16311453 2
22 16345129 2
22 16345154 2
22 16361034 2
22 16385677 2
22 16386789 0.538421408633925
22 16386925 0.474
22 16392178 0.830389948410912
22 16392500 0.77171604431109
22 16393989 0.0212675062478932
22 16402344 1.04218686220587
22 16443324 0.3092
22 16533225 0.638063054492978
22 16546479 2
22 16572059 0.976971114223212
22 16577592 2
22 16586966 0.0386
22 16588174 2
22 16594463 2
22 16608171 0.913959185563113
22 16611798 0.587762519328583
22 16612577 2
22 16613780 0.500792619217188
22 16617020 1.22419094835572
22 16621097 1.03174370219271
22 16626376 1.24700893611912
22 16631664 2.299
22 16637992 2
22 16641994 0.918331078170131
22 16647815 2
22 16649252 2
22 16680407 0.35034350514052
22 16688739 1.51015302907698
22 16690487 1.24047688378976
22 16710522 0.614625379176706
22 16749187 0.516964116707852
22 16754529 0
22 16763844 4e-04
22 16769305 0.1695
22 16777918 0.0014
22 16782622 0.633918477351105
22 16784014 0.0014
22 16786116 4e-04
22 16787126 2.6689
22 16790535 0.2263
22 16807376 2
22 16816366 0.482987130707426
22 16822391 0.277584812200282
22 16834568 0.1481
22 16836343 0.1481
22 16843689 0.733368682463543
22 16856297 0.291277578636708
22 16863969 0.00749990001668984
22 16865720 0.664674481178552
22 16867434 5e-04
22 16869803 0.2474
22 16872339 0.426995163103274
22 16877846 0.793936640030008
22 16881234 0
22 16881253 0.415853083128403
22 16891519 0.4622
22 16907397 2
22 16907688 0.2182
22 16914099 0.844231986499725
22 16915084 2
22 16929483 0.792646881142653
22 16933504 0.1687
22 16936336 0.0078
22 16950175 0.318719174087332
22 16952320 0.0453552169760868
22 16952331 2
22 16962241 2
22 16967253 0.1687
22 16972698 0.2222
22 16973188 0.85557698297072
22 16988420 0.263417617955829
22 16990464 2
22 17011643 0.1197
22 17012403 0.1002
22 17012830 0.1005
22 17014247 1.4168
22 17040203 2
22 17041838 1.07595887394644
22 17043300 2
22 17043313 0.855680892668517
22 17045599 0.1279
22 17050860 0.2884715189891
22 17052600 0.0066
22 17053591 2
22 17060783 2
22 17066935 2
22 17068081 0.1279
22 17074025 2
22 17084998 2
22 17086287 2.70056417818025
22 17088549 2
22 17092051 0.70768765306134
22 17103949 2
22 17115025 0.1721356008217
22 17121949 0.1067
22 17129713 2
22 17136539 2
22 17151312 0.099
22 17152290 0.099
22 17162953 1.74803933700022
22 17169585 1.07368448439411
22 17171191 2
22 17171659 0.768730117519614
22 17171756 2
22 17172477 2
22 17173105 0.0078
22 17175369 2
22 17178473 2
22 17178862 2
22 17183417 2
22 17183453 2
22 17187875 2
22 17187928 2
22 17188102 2
22 17193227 0.2828
22 17197877 2
22 17204794 0.384773619875323
22 17219920 2
22 17223294 2
22 17226975 2
22 17241165 1.22475878872021
22 17243009 0.1157
22 17253870 2
22 17265638 2
22 17302212 2
22 17310016 1.3664
22 17319066 2
22 17320093 2
22 17324319 2
22 17327028 2
22 17331706 2
22 17331934 0.0578592182475905
22 17341382 0.0078
22 17349966 2
22 17357011 2.3951
22 17375054 2
22 17380689 2
22 17405588 0.657590951656589
22 17410044 1.47745934312035
22 17413797 1.48829062616125
22 17418414 2
22 17419706 1.7238
22 17423794 0.9757
22 17425738 2
22 17427131 0.9757
22 17453822 2
22 17463835 2
22 17465232 1.1096
22 17466149 1.0347
22 17466884 2
22 17467130 1.0347
22 17475697 1.0625
22 17480728 2
22 17482070 2
22 17482071 1.526
22 17497992 0.1261
22 17510315 0.0933
22 17519222 0.125755698926855
22 17545232 0.0263
22 17549990 1.5476
22 17577135 2
22 17581990 2.7099
22 17590826 2
22 17601565 2
22 17606029 2
22 17607898 0.700237794930954
22 17616406 2
22 17624511 2
22 17630079 0.693734463469481
22 17636750 2
22 17643422 0.65280339839668
22 17651946 0.129950314370822
22 17720413 0.1062
22 17727938 2
22 17735709 0.1261
22 17739791 2
22 17742478 1e-04
22 17742552 0.1194
22 17748249 1.19203867019474
22 17757658 0.4366
22 17763166 2
22 17774372 2
22 17775010 2
22 17784798 0.987175538455474
22 17785684 0.529361912086871
22 17791326 2
22 17809571 0.400269061212527
22 17823607 0.0643
22 17826892 0.5145
22 17827344 0.4256
22 17833325 0.625958327348345
22 17840672 0.693287952358564
22 17842775 0.672744676852681
22 17843364 1.18589564438221
22 17843988 0.556292327114047
22 17844824 0.146875649075644
22 17856246 0.554858652281731
22 17877547 2.07579870572143
22 17881813 2
22 17892109 2
22 17895236 2
22 17897315 2
22 17911167 2
22 17911335 2
22 17918831 0.740901530478883
22 17944652 2
22 17945677 2
22 17946513 2
22 17951518 0.111761320544247
22 17951716 1.6821
22 17953992 2
22 17955793 0.235507762560676
22 17956281 2
22 17961968 1.13299146135107
22 17963186 2
22 17963799 0.155227843992085
22 17976563 1.1291239888757
22 17976892 0.600520809659868
22 17983212 2
22 17986034 2
22 17994258 2
22 17998744 0.0297423873348802
22 17999782 2.2705
22 18001877 0.621601116319605
22 18015389 2
22 18017624 2
22 18021761 2
22 18022422 2
22 18028369 2
22 18034632 0.0078
22 18035885 0.7899
22 18037888 2
22 18039128 2
22 18043801 2
22 18056890 1.1325
22 18063986 2
22 18064272 2
22 18071371 1.21885288853964
22 18078891 2.7095
22 18100248 0.8072
22 18103054 0.0053
22 18106256 0.1733
22 18127480 0.316940716692854
22 18133378 1.3817
22 18146553 2
22 18147462 0.2627
22 18150911 2
22 18152358 2
22 18173093 2
22 18728683 3.1249
22 18819590 2
22 18892228 0.4723
22 18892769 0.1609
22 18902281 0.86928536791727
22 18906118 0.2705
22 18908676 2
22 18909196 2
22 18911974 2
22 18913577 2
22 18918451 2
22 18919142 2
22 18923312 1.1905
22 18934404 0.2808
22 18951543 0.348313541464224
22 18953435 2
22 18953640 2
22 18958697 2
22 18962017 0.742744907493661
22 18970512 2
22 18983741 2.19499700903641
22 18984433 1.61509911305439
22 18986158 1.3575
22 18987626 1.42847119795186
22 18991168 0.784677049998704
22 18995310 1.09101223486203
22 18996426 2.8948
22 19001317 0.540423025417503
22 19013741 1.9021
22 19018739 2
22 19020824 0.646674190851418
22 19020997 0.720189715855904
22 19021654 0.224321189476566
22 19022636 0.755169253179093
22 19033994 2
22 19035164 0.1028
22 19042600 2
22 19078854 0.0903937133570227
22 19084476 0.0854
22 19091162 2
22 19095443 2
22 19097176 2
22 19098670 2
22 19099441 2.3951
22 19112867 1.3128
22 19115785 0.0854
22 19118631 2
22 19148018 2.0225
22 19150436 2
22 19155660 2.33902006550943
22 19156644 0.732927033343989
22 19157464 0.713871222729099
22 19158809 0.0545
22 19159049 1.9171
22 19159928 2
22 19160963 5e-04
22 19169487 0.809427139172783
22 19184493 0.6468
22 19186421 0.6554
22 19193142 0.6468
22 19193807 0.298112000396525
22 19196733 2
22 19233883 2
22 19244943 1.15935862407363
22 19250542 2.6446
22 19250555 0.907830591267013
22 19258051 0.315414483629009
22 19265984 2
22 19273354 1.37464236498744
22 19294457 2
22 19295609 0.3908
22 19300339 0.0165
22 19302247 2
22 19314142 0.0165
22 19315056 0.827157282678279
22 19315458 8e-04
22 19319144 2
22 19327226 2.0504
22 19334199 0.707102733818313
22 19335690 2
22 19344151 0.0165
22 19403281 0.786943932535682
22 19412571 0.0739882208533025
22 19416059 2
22 19418396 1.9632
22 19466747 2.2832
22 19476956 2.062
22 19491581 0.188230233958913
22 19499844 2
22 19501326 2.6546
22 19505121 2
22 19511961 2
22 19535669 1.8043
22 19547333 2
22 19551674 1.35229769525952
22 19553525 0.7152
22 19555028 2
22 19559047 2
22 19569281 0.319520599493909
22 19570924 2
22 19576515 0.419457702901088
22 19577544 2.37453990013062
22 19583949 2
22 19586587 2
22 19587358 2
22 19587678 2
22 19594307 0.338829735238181
22 19594887 1.86154322491453
22 19597657 2.5866
22 19609511 1.5336
22 19613438 0.275025204880815
22 19649335 2
22 19689562 1.40957827126176
22 19691937 0.349679340471931
22 19694982 0.690104905728179
22 19695360 1.4635
22 19730199 1.43929623182193
22 19762002 2
22 19789836 2
22 19816595 0.1583
22 19829842 1.0384
22 19832757 2
22 19870419 2
22 19882538 2
22 19900578 2
22 19902112 2
22 19908119 0.204093530413072
22 19919273 1.0489
22 19919949 1.18043412538801
22 19920603 0.48230076180033
22 19933123 2
22 19947732 0.5156
22 19951314 0.0326
22 19952395 0.5156
22 19953972 0.983369588923974
22 19957037 2
22 19958070 2.8716
22 19972432 0.0917
22 19972675 2
22 19973578 0.2274
22 19984929 2
22 19985682 2
22 19989322 2
22 20004427 0.189338556687735
22 20019035 2
22 20024466 0.0513
22 20025699 2
22 20026280 0.0575
22 20039100 0.0753443261573535
22 20061762 0.0818518396617752
22 20063943 0.9392
22 20084376 0.710321978799672
22 20105603 2
22 20148856 0.376609682056213
22 20151370 0.973079456661849
22 20151776 0.0852212645290335
22 20157512 2
22 20158975 2
22 20162570 1e-04
22 20175547 2
22 20175939 2
22 20177066 2
22 20177426 2
22 20183728 0.0314211297573579
22 20184045 1.1313012287962
22 20190146 0.542312312000775
22 20190682 0.747289264953042
22 20191276 2.01775890167335
22 20195114 0
22 20202532 1.2178
22 20247677 2
22 20262028 2
22 20264431 0.0107
22 20268267 1e-04
22 20321277 1.9371
22 20355445 0.705559791706645
22 20357779 0.447739969715861
22 20358683 1.11892142942417
22 20360612 0.407854267172104
22 20360649 2.12254905099689
22 20361820 0.702047800614197
22 20365807 1e-04
22 20377500 2
22 20393963 1.49280854636951
22 20400365 2
22 20407094 2.0609779331031
22 20411365 1.6485
22 20414765 1.3659
22 20418483 2
22 20418877 1.1736267363245
22 20420324 1.6712
22 20421260 0.1355
22 20422553 0.404418228804444
22 20423797 2
22 20436436 0.1355
22 20439635 0.398814112941984
22 20470183 2
22 20470615 1.3064068704378
22 20501410 2
22 20501564 2.22298247753485
22 20519588 2
22 20549230 0.1274
22 20554706 1.09638665855439
22 20574797 1.04619715286611
22 20576704 1.12343661490706
22 20577992 2
22 20587163 0.924624453616262
22 20589868 0.531867830869782
22 20593080 2
22 20595262 0.0791780330290919
22 20608431 2.8204
22 20612877 2
22 20636375 0.0108
22 20639232 0.5854
22 20640057 0.4034
22 20642945 0.4034
22 20647135 2
22 20652128 1.25123574047725
22 20663632 2
22 20679436 2
22 20682316 2
22 20686253 2
22 20692509 2
22 20695879 2
22 20709708 2
22 20731989 2
22 20754818 2
22 20757401 2
22 20763021 6e-04
22 20770910 2
22 20778282 2
22 20797794 2
22 20812607 2
22 20820024 2
22 20828835 2
22 20849591 2
22 20860194 2
22 20866381 2
22 20869302 2
22 20874129 0
22 20896851 2
22 20903110 2
22 20907161 1.7945
22 20909263 1.85576885871253
22 20920050 0.584265349377954
22 20923358 1.92550864444041
22 20933355 2.53100249765468
22 20935522 1.19554965826349
22 20947048 0.140148877692591
22 20966285 2
22 20969894 0.0223
22 20976498 0.4324
22 20979387 1.51310997402447
22 20980584 0.4482
22 20983724 0.603314568610926
22 21010870 2
22 21011185 0.8781
22 21012063 1.696
22 21024961 2
22 21031823 2
22 21037079 2
22 21039805 1.6612577997288
22 21042318 0.128876318657155
22 21057823 0.763906490496585
22 21063548 0.0897
22 21076216 1.23617421309856
22 21077620 6e-04
22 21083732 0.0281
22 21087711 0.4376
22 21103929 2
22 21104962 0.129926188407931
22 21108369 2
22 21151420 1.03455327714856
22 21164440 4e-04
22 21309232 0.0897
22 21327815 1e-04
22 21328389 1e-04
22 21563570 1.0185
22 21649639 2
22 21649802 0.0053
22 21651398 0.844587042486962
22 21655279 2
22 21656410 0
22 21656416 1e-04
22 21668812 0.0053
22 21684465 2.7524
22 21685574 0.777728010673368
22 21691120 0.786317526777677
22 21691211 0.0053
22 21697294 0.549647372169611
22 21699612 2
22 21700991 2
22 21701051 2.1724
22 21718956 2
22 21720164 2.31506110411283
22 21721210 0.00859070261994458
22 21731538 0.291554432818732
22 21741482 0.594
22 21742717 2.23239796703561
22 21747803 1.4556
22 21754023 1.9371
22 21796997 2.26226445575363
22 21802500 0.053463331204312
22 21826675 2
22 21839378 0.362892567636012
22 21849318 0.836210217540898
22 21852473 3.1147
22 21854901 1.927
22 21860457 0.828855981430437
22 21878381 2
22 21885014 0.7477
22 21902435 2
22 21910504 2
22 21926394 0.91
22 21927529 2
22 21944380 0.91
22 21977515 1.2333896981701
22 21987382 1.7138
22 22000273 0.926673197654369
22 22020975 0.0263
22 22027535 0.3908
22 22043310 1.8569
22 22043545 1.89
22 22053244 2
22 22055912 2
22 22064696 2
22 22071892 2
22 22076192 2
22 22083336 5e-04
22 22113688 2
22 22117636 2
22 22119918 0.861346879693506
22 22122996 2
22 22124561 2
22 22126932 2
22 22129330 2
22 22132698 2.6452
22 22134775 2
22 22138099 2
22 22139062 2
22 22146303 0.798344891805524
22 22149888 2
22 22157601 0.347002782755795
22 22162633 2
22 22166359 2
22 22167105 2
22 22168698 0.635591862773765
22 22168805 1.46369510492989
22 22175116 2
22 22175777 2
22 22178263 2
22 22180136 2
22 22190613 2
22 22192666 2
22 22194695 2.3652
22 22200475 2
22 22200989 2
22 22201242 2
22 22203630 2
22 22204261 2
22 22205513 2
22 22207221 1.46437067311002
22 22207569 0.442192510728115
22 22208173 0.682185970037218
22 22215892 0.9762
22 22217203 0.958389745603622
22 22219219 2
22 22224737 2
22 22225616 2.8219
22 22229859 0.653104529120555
22 22230443 2
22 22230928 0.7845
22 22234091 2
22 22234843 2
22 22239805 2
22 22241818 2
22 22246500 2
22 22247403 2
22 22253093 0.2206
22 22255223 2
22 22257376 0.7866
22 22259880 2
22 22268085 0.5258
22 22268570 0.0264
22 22276513 0.5596
22 22279810 0.7631
22 22280371 0.0264
22 22282659 0.5318
22 22286732 5e-04
22 22286788 0.0257
22 22287554 0.5318
22 22306790 1.0399
22 22310486 0.9011
22 22323311 2
22 22342056 2
22 22347473 2
22 22351646 2
22 22352683 0.0264
22 22356535 2
22 22357050 0.0264
22 22357928 2
22 22358462 0.07
22 22371214 2
22 22388888 0.0263540558019383
22 22393094 0.831590885401878
22 22398939 0.356912138497609
22 22399519 1.2798
22 22403510 2
22 22417016 2
22 22439773 1.57681311064027
22 22446194 0.0143488512463979
22 22463620 1.1106
22 22470938 0.573024740794828
22 22475515 1.0622
22 22483141 5e-04
22 22497196 2.1543
22 22517050 0.815301418193571
22 22518319 0.195185953571154
22 22520154 5e-04
22 22520312 0.207239098697512
22 22521813 1.09108565570933
22 22521894 1.25854131718833
22 22527384 0.21074721982016
22 22532840 0.0638043023907159
22 22534431 2
22 22536665 2
22 22537651 2
22 22537945 2
22 22545569 0.2922
22 22556487 0.5411
22 22558035 0.3401
22 22568238 2
22 22569686 0.124648778745653
22 22570407 5e-04
22 22573717 0.284944328845155
22 22579106 1.19470817100385
22 22581803 1.1738
22 22583673 0.031
22 22585832 1e-04
22 22587823 3.1243
22 22592102 1.8857
22 22596996 0.118851643156026
22 22616837 2
22 22617747 2
22 22625200 2
22 22629817 2
22 22633504 2
22 22644959 0.0263
22 22645295 2
22 22654501 2
22 22661106 0.0369374187266969
22 22668473 2
22 22669848 2
22 22672743 2.4223
22 22682276 2
22 22684964 2
22 22685224 2
22 22692872 1.0399
22 22703616 0.199320839056912
22 22704042 2.3901
22 22714234 0.0146045786383328
22 22722834 0.2883
22 22726693 2
22 22731469 1.27608120586538
22 22735067 0.2764
22 22739599 0.2646
22 22740194 2
22 22745340 2
22 22746191 0.2646
22 22748098 0.2646
22 22754805 2
22 22755884 2.18813512093456
22 22757854 0.2764
22 22758050 1.24214147844824
22 22762838 2
22 22763464 0.2646
22 22765422 0.4219
22 22768706 0.4093
22 22770671 0.160957259167902
22 22785620 2
22 22790473 0.1191
22 22799546 0.5653
22 22801805 0.5653
22 22806873 0.0252
22 22818805 2
22 22821823 2
22 22822085 2
22 22851274 2
22 22853602 2
22 22855172 1.9965
22 22864389 8e-04
22 22882926 2
22 22883369 3.21335046177693
22 22889323 2
22 22897100 2
22 22897364 2
22 22898605 2
22 22923482 1.5468
22 22927747 0.833445892865264
22 22942415 0.735703142614309
22 22946201 2
22 22949429 2
22 22956589 2
22 22969474 2
22 22977803 2
22 22987111 2
22 22988700 2
22 23010766 2
22 23042944 2e-04
22 23075361 2
22 23075491 1.3223
22 23080704 0.548784689105475
22 23087365 0.8245
22 23091676 0.40833669866431
22 23097343 0.980033343495417
22 23098339 1.68724162665991
22 23102609 1.23537780593329
22 23116390 0.0204
22 23118752 0.0204
22 23127903 0.0204
22 23159099 1.8268477957337
22 23162218 1.52275786569026
22 23167706 0.14996916786711
22 23169285 1.54912425270899
22 23173635 0.169456495062942
22 23180590 0
22 23180592 1.19459090298319
22 23180852 0
22 23183259 2.9943
22 23188195 2
22 23197124 0.170228923959692
22 23210363 5e-04
22 23233813 2.6025
22 23255822 1.7164
22 23264778 0.3272
22 23265792 1.7164
22 23267313 0.3102
22 23286826 0.3629
22 23291534 0.114149183235878
22 23303227 1.19741935238879
22 23305658 2
22 23315687 1.23567539994389
22 23319903 2.38364841711594
22 23344525 0.133302502260633
22 23359998 2
22 23374984 2
22 23382031 1.278
22 23388503 2
22 23405856 2
22 23418973 2
22 23420251 2.1608
22 23421482 2.1608
22 23436750 2.2131
22 23447049 2.2131
22 23448802 0.0078
22 23462483 0.0846
22 23462498 0.0846
22 23488306 2
22 23493707 0.9834
22 23496125 1.48347422191387
22 23497733 0.447575266508437
22 23503933 0.238009301823012
22 23518687 0.1583
22 23534221 1.03155212856296
22 23536478 1.8124
22 23557757 1.57856209401301
22 23594948 2
22 23603385 2
22 23607557 0.816887244399444
22 23611541 0.0597926375750352
22 23614486 1.6981
22 23632998 2.2653
22 23637032 0.247679944417994
22 23657790 5e-04
22 23686272 5e-04
22 23722870 1.3113
22 23724788 1.14380096027235
22 23756956 2
22 23800143 2
22 23817250 2
22 23830262 2
22 23848827 2
22 23849415 2
22 23857061 0.0078
22 23861559 1.3612
22 23861971 2
22 23863902 1.0944
22 23871275 0.766158881147046
22 23879218 0.0706820101811513
22 23905106 2
22 23907885 2
22 23911868 0.249042596576489
22 23916590 2
22 23921902 0.8568
22 23926460 1.4556
22 23926483 2.00393777022631
22 23927272 0.056
22 23929104 0.0973375704038461
22 23933197 1.0751
22 23938020 2
22 23939433 0.24395790766504
22 23942046 0.263020892066402
22 23942076 0.312816670428911
22 23944691 0.866618849693534
22 23945054 0.853940659168811
22 23945600 0.348994706306939
22 23945869 2.048713505863
22 23981861 1.07894108993251
22 23984502 1.5839
22 24011037 0.8245
22 24151764 2.9009
22 24163771 2
22 24184726 1.3828
22 24189867 2
22 24208951 2
22 24213708 2
22 24221033 2
22 24222363 2
22 24234125 2
22 24236435 2
22 24238308 0.999233630088121
22 24240854 0.1853
22 24270234 0.3705
22 24274751 0.2584
22 24275552 2
22 24299500 1.3336
22 24319081 0.1758
22 24323117 0.3914
22 24378939 0.3914
22 24402149 0.617549554318921
22 24434627 0.5942
22 24440056 0.1684
22 24458799 2
22 24492606 1.4563
22 24496050 1.1861
22 24521201 1.3956
22 24541519 0.2961
22 24563204 0
22 24563240 2
22 24572558 1.4305
22 24581194 0.0263
22 24590382 0.8606
22 24626892 2
22 24627377 2
22 24669229 2
22 24673991 2
22 24678631 2
22 24680008 2
22 24693330 1.9371
22 24693355 2
22 24709254 0.7548
22 24709535 2.1876
22 24710444 0.7548
22 24713102 0.5918
22 24718860 0.7941
22 24733712 0.331925390843655
22 24738324 1.11099185774424
22 24749486 2
22 24750681 0.2290137542003
22 24755924 0.0626
22 24758923 2.25654810280449
22 24770353 2
22 24783613 1.7262597362944
22 24812431 2
22 24814293 2
22 24818528 2
22 24822255 0.5353
22 24836098 2
22 24841058 7e-04
22 24850767 0.532483988377738
22 24860567 0.57961137010141
22 24876486 0.871954923416562
22 24935917 2
22 24990998 2
22 24998588 0.9784
22 25017169 0.63555086711671
22 25027095 0.0255
22 25029373 2
22 25030146 2
22 25031096 2
22 25031151 1.82719413416806
22 25052034 2
22 25053301 2
22 25055346 0.286408693515134
22 25056017 2
22 25057741 2
22 25065485 0.1375
22 25070586 0.381656902927664
22 25073231 0.600397838314966
22 25073378 2
22 25074189 2.14370514830357
22 25085119 0.846228274223404
22 25087218 1.2171285036847
22 25097394 0.722921777968461
22 25098431 1.11144248887273
22 25101827 2
22 25108360 2
22 25111770 2.18775684889288
22 25129526 0.8119
22 25135706 2
22 25146552 0.6251
22 25150893 0.9192
22 25152440 0.0688
22 25163409 8e-04
22 25177547 1.5432
22 25203882 1.6789
22 25207041 1.2125
22 25207984 0.9236
22 25212006 0.9076
22 25214088 0.3749
22 25218615 0.490742000693184
22 25219213 2
22 25231536 0.838000881752521
22 25232918 2
22 25232977 2
22 25244983 2
22 25248192 2
22 25257650 2
22 25259308 2
22 25260928 2
22 25266562 1.3773
22 25269509 1.1737
22 25271952 2
22 25272817 2
22 25283437 0.1129
22 25286685 0.1129
22 25288054 0.411528645590652
22 25291370 0.5526
22 25296242 2
22 25304219 2
22 25304676 2
22 25305130 1.7336
22 25307986 2
22 25317938 2
22 25351448 1.859
22 25363546 2
22 25363614 2
22 25382054 2
22 25392284 0.0162
22 25392945 2
22 25394080 2
22 25394534 2
22 25404872 2
22 25408274 1.5024
22 25410982 2
22 25412416 2
22 25438634 2
22 25439715 2
22 25470574 1.59338502593443
22 25490694 0.9148
22 25504856 0.7662
22 25506962 0.0376195939589057
22 25507219 1.44799708283383
22 25510350 0.4474
22 25516287 0.5003
22 25519883 1.0465
22 25521919 0.0162
22 25522707 0.4604
22 25540332 0.527375475496293
22 25546703 2
22 25598046 2
22 25608387 5e-04
22 25706803 2
22 25743411 0.9964
22 25753227 2
22 25753495 2
22 25760464 0.1677
22 25764319 2
22 25768112 0.1597
22 25771738 2
22 25781336 0.599
22 25795193 0.5556
22 25799463 0.5463
22 25801316 1.9915
22 25808617 1.0138
22 25809465 2.0115
22 25810673 2.0115
22 25811306 0.4797
22 25822197 1.0324
22 25846882 2.3356
22 25850320 0.4958
22 25850522 0.3908
22 25856977 2
22 25858074 2.3299
22 25858289 0.3933
22 25859115 2
22 25861568 1.6543
22 25868946 1.6543
22 25876630 0.1352
22 25880903 0.3892
22 25881970 1.4567
22 25886271 0.8357
22 25889672 0.7421
22 25918567 2
22 25920524 2
22 25945732 2.7971
22 25946090 0.0229
22 25948443 0.0263
22 25985932 2
22 25991772 2
22 25993585 2
22 26009886 0.0263
22 26013070 2
22 26013109 2
22 26022602 0.1254
22 26027014 0.402401032425724
22 26028102 0.436499785700223
22 26029374 5e-04
22 26032855 2.38259347779223
22 26035897 0.373675401876428
22 26036739 1.96756684550964
22 26039575 0.124132084391437
22 26040548 1.47015025395869
22 26041186 0.505466671938193
22 26041200 0.569285380646422
22 26041855 0.253605880478775
22 26050758 0.542981145321705
22 26052231 1.05604676803336
22 26088241 0.7316
22 26098646 0.8852
22 26108174 1.4324
22 26109599 0.6989
22 26127355 0.00285840177983362
22 26153549 0.9383
22 26244883 2
22 26251251 2
22 26251439 0.6584
22 26262473 0.235594721906263
22 26262590 2
22 26275073 1.1871396865163
22 26285226 1.0037
22 26287362 0.203495235345232
22 26293235 0.318979527804807
22 26311192 1.09026358676403
22 26316315 0.7146
22 26330988 0.1128
22 26338430 2.4028
22 26342463 2
22 26342544 2
22 26348553 5e-04
22 26348699 0.3015
22 26364425 2
22 26369270 2
22 26371052 1.543109353854
22 26372503 2
22 26390308 0.768089469649551
22 26398136 2
22 26400584 2
22 26408631 2
22 26415421 2
22 26419451 2
22 26425503 2
22 26436874 0.5078
22 26458794 1.689
22 26463373 0.793074159991463
22 26483331 2
22 26491133 2
22 26495606 2
22 26500449 0.176822252762224
22 26502276 2
22 26513784 0.2306
22 26549575 2
22 26549995 2
22 26551153 1.1322197637368
22 26554850 2
22 26554928 2.9126
22 26570037 0.690711853518884
22 26570096 0.2507300677839
22 26571408 2
22 26573892 2
22 26575463 3.0376
22 26577351 1.01967044424942
22 26586395 2
22 26588026 2
22 26593135 2
22 26595579 0.483025843089487
22 26603817 1.2541
22 26625437 2
22 26627416 5e-04
22 26633108 2
22 26633581 2
22 26638383 2
22 26644139 0.539719648711867
22 26661975 0.3015
22 26663874 0.955694185168018
22 26664963 1.59190276110415
22 26671680 0.4021
22 26684187 2
22 26693607 0.782715908695515
22 26695401 0.813330016213843
22 26703805 2
22 26705413 0.439422707694386
22 26712084 0.5491
22 26713149 0.845685227444233
22 26715393 0.647667046096395
22 26717551 0.0804
22 26724470 0.1412
22 26726119 2
22 26737621 0.78113720064272
22 26747282 2
22 26757001 0.325620247776955
22 26792984 0.183484467949943
22 26799135 1.9074
22 26811852 5e-04
22 26812898 0.4388
22 26815539 1.3082
22 26826323 2
22 26835381 2
22 26842427 2
22 26844276 2
22 26846085 2
22 26846989 2
22 26856880 2
22 26863925 0.2245
22 26863926 0.2245
22 26875114 2
22 26881299 2
22 26887558 1.34977758569783
22 26888101 0.80347866618535
22 26889298 0.5011
22 26890075 3.1145
22 26890901 0.6953
22 26891360 0.6098
22 26901794 2
22 26904752 2
22 26909599 2
22 26918053 2
22 26923585 2.4519
22 26928573 2
22 26931778 2
22 26932635 2
22 26940784 0.6849
22 26941891 2
22 26944547 2
22 26950978 2
22 26951530 2
22 26953639 0.798
22 26977373 0.189377228069826
22 26989367 0.0737223927902925
22 26991068 2.35686314764332
22 26991167 1.17998282053326
22 26992653 1.15458261505
22 27002786 2
22 27006063 2
22 27019540 2e-04
22 27019674 0
22 27023185 0.9549
22 27036008 0.7485
22 27042424 0.608177100203208
22 27047622 0.136088021243915
22 27048675 0.6595
22 27051569 0.0331342590843162
22 27055304 0.0958069039088082
22 27085214 1.6754
22 27091853 1.2654
22 27092900 2
22 27097948 2
22 27099796 2
22 27100514 2
22 27105385 2
22 27112896 0.357287505960833
22 27114884 0.652689522308328
22 27116421 1.2699
22 27137767 0.809921663895543
22 27148947 0.0988840771137382
22 27153196 2
22 27165998 2
22 27175461 0.0979
22 27188354 0.498213288852413
22 27189748 0.401970360797755
22 27210076 0.049658256146133
22 27210816 2.6659149455487
22 27217169 0.0822
22 27221040 1.7662
22 27221263 0.301872126139987
22 27224968 0.0916
22 27226684 0.060420567765578
22 27254289 2
22 27254603 2
22 27264786 1.83258083790269
22 27308739 0.9456
22 27310529 0.9412
22 27316187 1.927
22 27350157 2
22 27356822 2
22 27362352 2
22 27365896 2
22 27366194 0.992860586128498
22 27370357 2
22 27371132 2
22 27373355 0.0315
22 27373451 2
22 27378818 2
22 27380463 0.5774
22 27387586 1e-04
22 27406045 2
22 27420149 2
22 27429482 2
22 27429651 2
22 27437764 0
22 27440432 0.094607850477139
22 27446352 2
22 27474443 1.8164
22 27484529 0.251087544773882
22 27488032 2
22 27488118 0.0431
22 27490858 2
22 27492350 2
22 27501925 0.9973
22 27504392 2
22 27513145 2
22 27524006 2
22 27526701 2
22 27529015 2
22 27558990 0.114302596035726
22 27564619 1.0944
22 27568577 2
22 27571314 2
22 27582551 1.39898243159925
22 27615419 5e-04
22 27616667 2
22 27619890 2
22 27621873 2
22 27622701 2
22 27623101 2
22 27630084 1.9275
22 27631739 2
22 27636492 2
22 27646691 0.7553
22 27657497 2.1852
22 27669282 1.9181
22 27671943 6e-04
22 27672143 0.2432
22 27676045 0.6822
22 27678489 0.579257707172392
22 27682538 2
22 27692752 2
22 27697465 0.6858
22 27702862 2
22 27703363 0.65535106396724
22 27708756 0.2057
22 27715906 5e-04
22 27728750 1.4133
22 27730783 2
22 27738720 0.192988698445179
22 27763769 2
22 27767358 1.13795692316472
22 27772597 0.2532
22 27785411 2
22 27792215 0.8449
22 27799398 1.85552881761038
22 27805643 0.0263
22 27812806 1.0575
22 27823555 3.59050566666321
22 27831814 2
22 27837229 0.459146523506584
22 27889665 0.88742204738694
22 27903299 1.8326
22 27944257 0.0264
22 27948133 1.4107
22 27962958 0.511722668035559
22 27974553 1.0479
22 27991761 1.4251
22 28032190 6e-04
22 28042597 1.4399
22 28048442 1.0838
22 28058667 2
22 28081048 1.4399
22 28085816 5e-04
22 28101832 1.4866
22 28113473 1.4866
22 28114702 1.5357
22 28125565 1.4251
22 28156986 1.4399
22 28216657 1.0435
22 28241618 1.2238
22 28270973 2
22 28283083 1.7789
22 28290263 1.3371
22 28297508 1.0792
22 28323668 0.0626
22 28336935 2
22 28349245 0.735271686730817
22 28362803 2
22 28366985 1.7507
22 28374594 2
22 28387957 2
22 28403324 1.7136
22 28406490 2
22 28439470 2
22 28499277 1.3434
22 28529972 0
22 28533066 2
22 28546296 2
22 28546694 2
22 28584021 2
22 28592799 1.3498
22 28603381 2
22 28603680 1.3498
22 28671682 8e-04
22 28678664 2
22 28692602 2
22 28698364 2
22 28703766 2
22 28713421 2
22 28715397 2
22 28738731 1.4036
22 28786512 0.323408145921777
22 28790835 2
22 28793458 1.30342419811342
22 28805004 0.0263
22 28820173 0.0929497668640698
22 28838659 0.611624472638039
22 28839461 2.5779
22 28843169 0.125393479574714
22 28844467 2
22 28855938 2
22 28858898 2.4926
22 28859582 0.392371198724761
22 28859667 2.38968338377425
22 28860319 0.0440519665951696
22 28862096 1.5427
22 28862099 1.5427
22 28867144 0.0078
22 28888370 0.631950567456169
22 28908265 1.59885477485144
22 28928704 0.052206865560831
22 28933730 1.20167038091435
22 28962148 2.449
22 29010784 2
22 29021051 2
22 29026920 2
22 29031280 1.4474
22 29034474 2.4047
22 29054935 0.797744129912148
22 29067101 2
22 29081623 2
22 29082386 2
22 29088622 2
22 29089720 2
22 29100094 2
22 29107203 2
22 29111592 2
22 29122808 2
22 29130209 2
22 29160331 1.06424917121571
22 29168466 2
22 29169800 0.160207605456665
22 29177514 2
22 29199154 1.10801410837096
22 29201003 1.17438884924765
22 29227725 2
22 29228393 1.8942
22 29240013 2
22 29250450 2
22 29273659 2
22 29277317 2.2533
22 29289763 2
22 29321337 2
22 29329904 2
22 29334013 2
22 29362402 2
22 29363199 2
22 29373637 2
22 29385456 2
22 29390508 2
22 29406111 0.323028862182977
22 29409173 1.24016987326612
22 29417128 2
22 29421700 0.804318369969302
22 29441209 1.48117581410717
22 29444378 1.56197984732823
22 29481576 2
22 29487903 0.581157806748618
22 29488288 1.42239614607656
22 29491634 1.7891630234616
22 29510712 0.3101
22 29512083 0.6487
22 29540993 1.23073174874666
22 29541279 1.0552
22 29573389 1.0373
22 29576143 0.133503041746031
22 29576402 1.0373
22 29582760 0.7541
22 29587672 1.0373
22 29679088 0.206507967475996
22 29697270 0.0706
22 29705524 2
22 29711931 0.153284478997823
22 29715635 1.49983094337308
22 29732391 0.3398
22 29734787 2
22 29737901 2
22 29742919 0.2536
22 29746414 2.03379823850162
22 29761951 0.3106
22 29773090 2
22 29778240 2
22 29779662 2.2533
22 29796703 0.204165323711249
22 29806785 0.2587
22 29808991 0.3251
22 29812619 0.329
22 29815887 0.329
22 29820993 0.2587
22 29821838 0.329
22 29829631 0.329
22 29859352 1.3165
22 29860949 0.3755
22 29868285 0.3147
22 29869355 0.3597
22 29877175 0.728485694646174
22 29877405 2
22 29888902 2.2354
22 29911571 1.99123193359179
22 29928190 0.0666715458158731
22 29942496 2
22 29944149 2
22 29944692 0.186791219565269
22 29946202 0.55992542959649
22 29982141 2.8935
22 29988103 1.96864493347229
22 30021467 2
22 30039413 1.9814
22 30041669 2
22 30055497 0.2587
22 30129035 1.9814
22 30135102 0.0946
22 30151407 1.98789952263032
22 30154941 2
22 30174033 0.1184
22 30182975 1.34376958823503
22 30184384 0.244207958917153
22 30195809 2.0005
22 30212155 0.9105
22 30222611 2
22 30222717 2
22 30233797 2.1546
22 30261159 2
22 30332895 0.625068515385658
22 30335398 0.795624783434411
22 30342014 0.80862858184626
22 30351075 0.855376215603942
22 30352285 0.0608937094086497
22 30353352 0.0873
22 30354220 0.831233488452143
22 30354918 2
22 30360678 1.18601392255015
22 30361952 2
22 30363614 1.0672621189362
22 30374903 2
22 30382470 1.37924296347203
22 30397148 0.211783955182758
22 30414965 0.341920346501874
22 30421642 2
22 30453464 2
22 30454637 1e-04
22 30455112 1e-04
22 30467515 0.0278549485132908
22 30468212 1.42560719558332
22 30469318 0.433999348454432
22 30499995 0.2032
22 30559366 0.4206
22 30568916 2.16682594367895
22 30571012 5e-04
22 30572362 1.7634
22 30577670 2
22 30599369 2
22 30605119 2
22 30615895 0.0917
22 30622830 2
22 30623758 0.569272002904392
22 30623831 0.876657852877257
22 30623991 0.848999959719383
22 30629425 2
22 30633911 2
22 30639980 2
22 30645852 2
22 30651375 1e-04
22 30657585 1.3022
22 30661602 5e-04
22 30673627 0.279229475595656
22 30675058 2
22 30691193 1.3781
22 30695077 1.3719
22 30717096 0.0263
22 30752377 2
22 30752740 0.470861113921521
22 30798580 0
22 30801976 0.133044042546081
22 30811332 0.0583
22 30831147 2
22 30847277 2
22 30851834 2
22 30855994 0.607333931066464
22 30856515 2
22 30858019 1.8259
22 30887992 0.4228
22 30959368 1.52857775443799
22 30966153 0.346
22 30988289 0.516244237635789
22 30997223 2
22 31003967 0.597707188402734
22 31018574 0
22 31021940 0.759322094592021
22 31027675 0.0263
22 31028021 1e-04
22 31031505 1.38437664531425
22 31037533 0.5992
22 31054302 1.6648
22 31057335 1.1757
22 31067659 1.48224743231987
22 31073553 0.782012579333107
22 31074049 0.0476617490709197
22 31074636 1.14084660908818
22 31078878 0.827532447980521
22 31081375 0.558608842581172
22 31109064 1.6752
22 31115184 0.692214369647426
22 31142016 1.7215
22 31152972 0.9452
22 31183862 2
22 31203102 2
22 31287725 1.26198290729244
22 31290158 0.565139092131169
22 31294817 0.648053095714778
22 31325097 1.2044
22 31329430 1.7715
22 31348735 1.61948209116686
22 31356232 5e-04
22 31358280 1.1981
22 31370444 2.7095
22 31391486 0.394719215650601
22 31440392 2
22 31450831 1.20302727116993
22 31450856 5e-04
22 31456421 2
22 31459968 2
22 31470181 0.1468
22 31474414 0.866295187345844
22 31513592 0.0482407568300264
22 31522274 1.8551
22 31553814 0.416623135341486
22 31562634 0.2209
22 31564173 1.8259
22 31576315 1.8325
22 31609131 5e-04
22 31619420 0.567854780007281
22 31625850 2
22 31630145 1.6347
22 31630938 1.0622
22 31636456 1.8325
22 31644053 0.335890633467306
22 31647849 2
22 31652669 1.6347
22 31658786 2.0406
22 31664363 5e-04
22 31673200 2
22 31679913 2
22 31680933 2
22 31696995 2
22 31719983 2
22 31724042 2
22 31728484 2
22 31730777 0.464270917970387
22 31733298 0.739375343938524
22 31734696 1.10909114994769
22 31751329 0.711207986388132
22 31780112 2
22 31821176 0.508147032944837
22 31826490 0.866110062079535
22 31828818 0.412893980704474
22 31834666 1.4721
22 31843982 1.9275
22 31870560 0.633138027004645
22 31875946 0.456070023903416
22 31886730 1.1662
22 31889317 2
22 31903402 0
22 31903434 0
22 31922107 0.529780352258454
22 31922645 0.517593756845146
22 31938309 0.677478327461548
22 31949956 0.2521
22 31956435 0.763057663772777
22 31972120 0.346415139523368
22 31974623 0.573988732359533
22 31981148 0.0126
22 31986256 0.781
22 32011127 1.7015
22 32018142 0.467208496980322
22 32047949 0.0533645078477942
22 32059825 0.249312783821164
22 32062996 0.708091339481374
22 32064493 1.6039
22 32119434 0.4842
22 32150479 3.1244
22 32179720 0.54032542338463
22 32179796 0.245869501813671
22 32183052 0.3805
22 32184853 0.584832917155088
22 32208398 0.00981501761409416
22 32213236 0.8205
22 32213528 1.5842
22 32239801 1.614
22 32279144 2
22 32287725 0.535076251195034
22 32290112 2.07097978168787
22 32300584 2
22 32300632 0.331571115540549
22 32305783 1.55738367251349
22 32305966 1.86155186758481
22 32306235 2
22 32308322 0.545968186526906
22 32308459 1.94568428814357
22 32326976 1.31653391678548
22 32327973 2
22 32330970 6e-04
22 32332298 0.828759940807981
22 32347599 2
22 32355257 2
22 32357727 2
22 32376503 0.6871
22 32393540 2
22 32394506 2
22 32410344 2
22 32447858 2
22 32451129 0.852956595038503
22 32454943 1.1727763049262
22 32456438 2.35978309745795
22 32461837 0.239719293521543
22 32473086 0.272657795461341
22 32476685 0.7878591548315
22 32486821 1.57951899439278
22 32487357 0.976217493500546
22 32491511 0.187920724060312
22 32492097 0.0921025689371557
22 32500817 0.8864
22 32503871 0.812354183888551
22 32506829 2.22123081772859
22 32507207 0.8584
22 32508493 0.269037448582882
22 32531471 1.134
22 32531683 2
22 32543114 1.1131
22 32546810 1.1234
22 32553751 1.1131
22 32556816 0.035
22 32570607 0.6578
22 32572271 2
22 32593337 2
22 32608047 2.3813
22 32608595 0.771
22 32610517 2
22 32644099 1.0024
22 32646223 2
22 32649425 1.3032
22 32654533 2.3034
22 32655146 2.2777
22 32674361 0.2175
22 32724234 0.6337
22 32730746 0.7837
22 32750297 1.03487083635782
22 32759160 0.1732
22 32759569 0.5621
22 32759647 1.69292605785882
22 32767120 2.37216328182578
22 32770241 0.235422248062779
22 32775531 0.0178
22 32777063 0.0178
22 32780970 0.372724960389002
22 32783465 2
22 32786605 0.78707637365315
22 32798679 2
22 32805026 0.52747425139607
22 32808348 0.910050463896133
22 32816783 0.363925887505663
22 32824358 1.03960740227453
22 32833699 0.738688712760585
22 32848434 2
22 32855921 2
22 32861277 2.4218
22 32870326 2
22 32886326 0.228170083060133
22 32888859 0.153951822296223
22 32926292 2
22 32948459 0.0021
22 32956204 2
22 32959689 2
22 32984180 0.0263
22 32985237 2
22 32997916 2.7115
22 33024281 0.478390152230286
22 33027637 2
22 33033674 2
22 33035179 0.807605193768462
22 33035680 2
22 33092805 1.1357
22 33095867 1.1357
22 33097446 0.2814
22 33102163 0.514181620202125
22 33118147 0.1872
22 33121776 2
22 33131030 0.6369
22 33138725 2
22 33159733 2.7977
22 33165075 1.8304
22 33173676 2
22 33175994 0.7478
22 33178927 2
22 33179657 2
22 33182439 0.7478
22 33184013 2
22 33185749 2
22 33186509 2
22 33188011 0.7478
22 33195290 2
22 33196340 2
22 33197917 2
22 33247045 5e-04
22 33249830 1.11197108468251
22 33256468 2.96545403453089
22 33257032 1.4399
22 33265974 0.9558
22 33268978 2.01922415613003
22 33269678 0.0822857407204867
22 33272615 2.6447
22 33304979 1.9096
22 33324928 0.007
22 33340776 1.4807
22 33368533 0.5515
22 33379055 2
22 33394155 2
22 33397366 2
22 33397748 2.9777
22 33433010 0.4196
22 33436331 0.4196
22 33448128 2
22 33491851 2.7409
22 33496638 2.7409
22 33499726 2
22 33499837 0.297782240181315
22 33525446 2.7409
22 33534029 1.60304061661215
22 33537984 0.211347185491019
22 33554899 1.39216189972421
22 33567804 0.0587
22 33569653 2
22 33569927 0.0767
22 33590507 0.208663260998432
22 33625477 2
22 33631154 2
22 33649272 0.137625981198753
22 33656367 1.7634
22 33665170 2
22 33665229 2
22 33674006 0.0045
22 33676023 0.0257
22 33677809 0.0045
22 33684146 2
22 33696260 1.69840828103625
22 33714298 2
22 33737910 0.5281
22 33741185 1.5467
22 33741280 2
22 33742641 2
22 33749391 0.6413
22 33764689 2
22 33774577 1.1209
22 33776502 2
22 33779233 2
22 33800079 2
22 33806971 2
22 33812297 2
22 33821237 2
22 33843069 2
22 33848830 0.1241
22 33854646 0.12
22 33859666 0.0792
22 33869399 2
22 33873455 2
22 33882035 1.18079887234047
22 33887009 2
22 33888009 1.2924
22 33893869 0.25916866415869
22 33897528 2
22 33899789 2
22 33909631 0.812298373196654
22 33922130 2
22 33922263 1.36808480462242
22 33923521 1.39298303466932
22 33926238 1.2781
22 33930156 2
22 33960516 1.5697
22 33968691 1.6913
22 34014059 0.0961171700198736
22 34015725 0.98455461903593
22 34065950 2
22 34070041 0.5757
22 34080905 0.4639
22 34096553 1.44483968351125
22 34099461 0.0951884910873855
22 34114926 0.9783
22 34125344 2
22 34132381 2
22 34134626 0.0263
22 34135571 2
22 34147781 0.5823
22 34148220 2
22 34153774 2
22 34155963 0.0263
22 34167398 0.1856
22 34169857 1.9216
22 34190213 1.43639081769233
22 34191565 0.990661029465362
22 34197023 0.332077591446612
22 34199764 0.59167119212828
22 34205099 2
22 34206403 0.827359904485862
22 34213337 0.207509352502514
22 34214105 2
22 34214210 2
22 34215943 2
22 34221951 2
22 34222200 0.361465319567194
22 34246732 0.604050321040318
22 34261803 0.2096
22 34269045 1.40549974430371
22 34278829 5e-04
22 34279281 0.2096
22 34287761 0.2174
22 34290908 2
22 34293171 2
22 34295642 0.2174
22 34309076 2
22 34315132 2
22 34320878 0.6949
22 34329191 0.279797304857682
22 34332188 2
22 34337188 2
22 34339737 2
22 34353202 2
22 34354185 0.258
22 34364300 0.11872864768426
22 34365126 0.734148810249721
22 34378790 0.0732031770916216
22 34379725 1.81530969345028
22 34380892 0.835944437175156
22 34382254 0.740594034664546
22 34389586 1.32608733139371
22 34393121 1.5894282188906
22 34400341 0.912413435004642
22 34402051 0.344522605541451
22 34411674 2
22 34419257 2
22 34419285 0.4976
22 34422670 1.64650337584367
22 34438487 0.617816405356446
22 34463072 1.1581
22 34468662 0.9385
22 34518360 0.626398036023138
22 34524396 2
22 34524782 0.499098314894956
22 34534224 0.961583529545407
22 34555136 0.1609
22 34568645 0.487952761467463
22 34569269 0.398239445891626
22 34578894 1e-04
22 34584022 0.321920454708226
22 34584442 1.92923514018249
22 34612785 2
22 34613027 2
22 34654511 2
22 34656790 2
22 34671885 2
22 34696281 2
22 34706666 2
22 34711932 2
22 34714332 2
22 34771453 2
22 34774744 1.4882
22 34779368 2
22 34783555 2
22 34786800 0.787009366364612
22 34786802 2.42282090269778
22 34787612 2
22 34798565 2
22 34799902 2
22 34809501 0.173213361472009
22 34809694 2
22 34811185 1.26067514804674
22 34812617 0.74065465270632
22 34817122 2
22 34817666 2
22 34822098 1.7279816707882
22 34826090 0.474508641469486
22 34830502 0.495311393944869
22 34831258 5e-04
22 34832005 0.581574750521628
22 34832661 5e-04
22 34835122 0.139164335903963
22 34840032 1.74524418342623
22 34851645 2.60195119393945
22 34854081 0.253310619209292
22 34880793 1.54525676872326
22 34881645 0.150079125533528
22 34883078 0.151123055894896
22 34892867 2
22 34902109 0.20719455428947
22 34927225 1.5199
22 34931751 2
22 34936664 1.5114
22 34939067 0.973429538110233
22 34941743 2
22 34945492 2
22 34970241 0.860685409079684
22 34980095 0.8002
22 34987836 2
22 34991116 2
22 35005156 0
22 35012009 0.553408151906756
22 35039229 2.2395
22 35062911 1.03781925369395
22 35099315 0.0819227176708134
22 35118897 0.1063
22 35121693 2
22 35122049 2
22 35122994 2
22 35130485 2
22 35146644 2
22 35147412 2
22 35147895 2
22 35148809 2
22 35156540 2
22 35161227 1.5791
22 35171395 0.0329
22 35172852 2
22 35183353 2
22 35196287 2
22 35196696 2
22 35201745 1.1703
22 35203789 0.5846
22 35204112 1.1703
22 35222312 2
22 35229569 0.5846
22 35233138 0.170998422818937
22 35242110 1.9275
22 35245344 2
22 35258950 1.3798
22 35280145 2
22 35281708 2
22 35290680 1.3798
22 35299809 2
22 35303111 1.13269274874326
22 35307558 0.0742
22 35316560 0.480870402139793
22 35328271 1.2154
22 35328666 2
22 35332607 0.2202
22 35343294 0.4945
22 35344873 1.2133
22 35360438 0.5305
22 35366869 2.2998
22 35371702 1.30412751821813
22 35371938 5e-04
22 35381625 2
22 35389675 2
22 35418668 0.0255
22 35420419 1.4148
22 35421094 2
22 35421560 0.4564
22 35436655 0.310437868381277
22 35436899 2
22 35438811 0.345982130407972
22 35444653 0.705611938908955
22 35457648 1.4029
22 35460621 1.07042911173192
22 35482774 0.7923
22 35509496 0.473276938962266
22 35511205 1.58933955307465
22 35517929 2
22 35524008 0.575115606954995
22 35526464 2.0957
22 35534684 0.8922
22 35543322 2
22 35559335 1.07082259001116
22 35560057 1.04332260630764
22 35582568 0.859942480960416
22 35586398 0.251326554632642
22 35589027 2
22 35593241 0.35516408704615
22 35593420 0.0212
22 35596660 0.1032
22 35597736 0.1032
22 35603891 0.0222
22 35607892 2
22 35611374 2
22 35633692 2
22 35633818 1.0944
22 35644866 1.3208
22 35701597 2
22 35703702 0.095508030544547
22 35703835 0.29676912274933
22 35705814 1.31131891774459
22 35714289 1.05980735620372
22 35714418 2
22 35717408 0.335020092793011
22 35731492 2
22 35733375 2
22 35733804 0.0487258581283771
22 35734739 2
22 35734867 2
22 35735060 2
22 35737692 0.51243143775396
22 35744505 1.5288
22 35883190 0.9463
22 35900061 1.97723994179008
22 35959979 1.39454956610094
22 36038571 2.07488406325283
22 36040663 2.8714
22 36061565 2
22 36091557 0.0261
22 36094679 0.431178061952708
22 36105833 2
22 36111469 2
22 36117710 0.548778281850672
22 36128386 0.0263
22 36134158 0.171961383913742
22 36134940 1.4953
22 36138957 2
22 36143602 1.9915
22 36145677 0.513488800315355
22 36146319 0.363027597320413
22 36161575 0.837070557074876
22 36168122 0.062
22 36181906 2e-04
22 36188381 0.950447221216693
22 36190300 0.1192
22 36191656 0.6706
22 36192366 0.1192
22 36200606 2
22 36201483 2
22 36201609 2
22 36203613 2
22 36203695 2
22 36204768 2
22 36216998 2
22 36230508 2
22 36230555 2
22 36237518 2
22 36237790 2
22 36240676 0.7594
22 36244881 0.8067
22 36251719 0.644759644913686
22 36255668 0.0219
22 36258099 0.1373
22 36260606 8e-04
22 36261550 0.1305
22 36262809 1.6545
22 36269492 0.1373
22 36271036 0.3552
22 36276249 2
22 36288046 0.4346
22 36299127 0.0162
22 36303451 1.7422
22 36303857 2.1903
22 36311906 0.584109997003165
22 36313090 0.004
22 36314673 1.24444583203696
22 36334902 2
22 36347471 2
22 36347818 2
22 36348090 2
22 36369923 2.2967
22 36379504 2.0406
22 36382810 2
22 36384484 1.498
22 36391704 2.0617
22 36408237 2
22 36427242 1.7015
22 36429516 2.0406
22 36430271 0.479414114819766
22 36434177 0.852641063178017
22 36435659 1.45255562924434
22 36437123 0.27449643655307
22 36437148 0.0532441044264722
22 36443930 5e-04
22 36447106 5e-04
22 36454691 1.2154
22 36474572 1.5068
22 36475235 1.81615292684268
22 36478552 0.121617088209717
22 36510081 1.945
22 36516027 1.9814
22 36524923 0.735332100706643
22 36525155 1.44192121144306
22 36526158 0.903318967211546
22 36526504 1.2807812026037
22 36526924 2.1546
22 36538350 0.138253860433147
22 36553633 2.3652
22 36557918 1.8181
22 36562958 1.3582
22 36563622 0.0078
22 36564176 0.252768763938368
22 36575910 0.2274
22 36599573 2
22 36604614 2
22 36609438 0.545625811326002
22 36616571 1.3082
22 36618395 0
22 36629545 0.479722453314681
22 36651091 1.9761
22 36664307 0.197909774490766
22 36666969 0.439268889904415
22 36686067 0.0222
22 36694201 0.0217
22 36701519 0.716
22 36713264 1.3723
22 36714681 0.3302
22 36728246 1.7833
22 36731285 0.0217
22 36740449 0.1438
22 36751829 6e-04
22 36772400 2
22 36794301 2.83725049742853
22 36802404 1.1275
22 36802665 1.1275
22 36806135 1.1275
22 36812762 0.0389
22 36825210 2
22 36825293 0.0898
22 36829446 1.36194194683749
22 36838743 1.7541
22 36840279 2
22 36843509 1.16654844284647
22 36847709 0.574924770870858
22 36848835 0.584551450218649
22 36855968 2
22 36863965 2.9777
22 36867795 2.9777
22 36873862 2
22 36896706 0.0072
22 36897738 1.8482
22 36906964 2
22 36911324 2
22 36913874 2
22 36915047 2
22 36919658 2
22 36921806 2
22 36923957 3.1145
22 36933406 1.27380335661572
22 36934679 2
22 36935263 0.761158858422101
22 36945798 1.02559017210508
22 36959491 2
22 36960603 0.561093581995674
22 36971974 0.760304466875653
22 36973356 0.774975932770703
22 36984991 0.6228
22 37001386 1.81576119563947
22 37002160 0.5454
22 37004997 0.1533
22 37005010 0.1533
22 37036796 8e-04
22 37040308 0.0823
22 37042659 8e-04
22 37052154 0.0127
22 37078179 2
22 37081692 2
22 37085597 2
22 37088297 0.1488
22 37088904 0.1853
22 37093965 0.1488
22 37097097 2
22 37097658 2
22 37099330 2
22 37113047 2
22 37133684 1.13766801559825
22 37133758 1.88753961198675
22 37144729 0.392425833481667
22 37148877 2
22 37162239 2
22 37166767 2
22 37169917 2
22 37177754 2
22 37177978 1.3883
22 37178594 2
22 37184098 2
22 37185637 2
22 37189882 2
22 37191071 2
22 37191665 2
22 37194136 0.0244
22 37197051 2
22 37200815 2
22 37217119 2
22 37217720 2
22 37223130 2
22 37223448 2
22 37227383 6e-04
22 37228959 2
22 37239388 2
22 37246274 2
22 37247424 0.7942
22 37283186 2
22 37283446 2
22 37283722 2
22 37284957 2
22 37286784 2.09306967096547
22 37293393 1.2331087100093
22 37300514 0.127134533568153
22 37303765 0.490337894611393
22 37315981 1.29781113252372
22 37319064 2
22 37329391 2
22 37330852 2
22 37338493 2
22 37345574 2
22 37374317 2
22 37378349 1.4298107983734
22 37382294 0.0770744876492476
22 37382433 1.31649841127359
22 37386898 1.0565
22 37394562 1.5455
22 37396537 2
22 37397368 2
22 37399727 2
22 37401098 0.2195
22 37403844 0.2195
22 37424680 0.56298029926153
22 37424776 0.533617900207599
22 37426356 2
22 37428232 0.0956385802993875
22 37428334 1.0235
22 37452981 2
22 37503989 2
22 37505932 0.0078
22 37508950 2
22 37509642 0.7002
22 37510255 0.9138
22 37513199 2
22 37514348 0.8132
22 37529336 5e-04
22 37532245 1.5818
22 37533096 1.03715977687626
22 37543752 2
22 37574419 2
22 37574801 2
22 37574978 2
22 37575172 2
22 37577630 0.145781624191762
22 37583257 2
22 37586284 2
22 37586390 2
22 37588516 2
22 37591133 2
22 37591677 2
22 37594947 2
22 37598768 2
22 37598865 2
22 37599671 2
22 37600198 2
22 37602326 2
22 37638746 2
22 37656834 2
22 37661331 0.3591
22 37663918 2
22 37666105 2
22 37695056 2
22 37704033 1.24251542788182
22 37708698 2
22 37720500 2
22 37725145 2
22 37731620 1.64903084969252
22 37733325 2
22 37756922 0.0553
22 37757383 0.0553
22 37787200 2
22 37806392 1.13402376842018
22 37895867 2.51831402257201
22 37899510 0.424900462364779
22 37911902 0.454862665910539
22 37922577 0.769936424613547
22 37955678 0.257863485519579
22 37962847 0.302456284722807
22 37965282 1.26226676113633
22 37987489 0.223114509641971
22 38000213 2
22 38013589 0.696375509936281
22 38030036 0.953829420874861
22 38049207 1.72208139227524
22 38091519 0.0174
22 38094794 0.0753
22 38109739 0.1916
22 38118899 2
22 38137964 2
22 38146606 2
22 38149612 2
22 38157102 0.780122965885373
22 38157390 0.603457956655604
22 38160253 2
22 38161286 2.2178
22 38172999 2
22 38174768 2
22 38178076 2
22 38189231 0.0241
22 38194292 0.0561
22 38195526 0.0681
22 38205224 2
22 38205423 2
22 38216549 2
22 38217191 2
22 38218083 2
22 38227708 2
22 38234950 2
22 38241802 2
22 38250454 2
22 38254482 2
22 38254638 2
22 38260679 2
22 38267850 2
22 38268783 2
22 38271614 2.9492
22 38275105 0.3233
22 38275774 0.4002
22 38277573 2
22 38284864 0.3445
22 38286678 0.477850696156906
22 38288061 0.714
22 38289125 0.693365993895147
22 38299401 2
22 38305613 1.5019
22 38328127 0.2583
22 38339359 1.16435045600331
22 38346028 1.31309396286421
22 38352935 2
22 38368383 2
22 38389058 2
22 38391950 2
22 38400624 2
22 38416177 2.4218
22 38416579 2.4218
22 38420346 0.3627
22 38421100 0.160332499209433
22 38455402 2
22 38455669 0.7464
22 38462199 0.218280052522918
22 38504951 0.3306
22 38511844 2
22 38535532 1.1559
22 38555653 0.0263
22 38568923 2
22 38590243 0.365
22 38597462 0.365
22 38623027 2
22 38643050 2
22 38650695 0.4178
22 38663049 0.4178
22 38667158 2
22 38668373 0.4178
22 38668401 0.4178
22 38677830 0.4178
22 38704285 0.8841
22 38704293 6e-04
22 38709702 0.2642
22 38710996 0.4178
22 38761310 0.1826
22 38768723 2
22 38788634 2
22 38796221 0.4321
22 38799557 0.4566
22 38805051 2
22 38814001 2
22 38818141 2
22 38833588 0.221563137840939
22 38833937 0.2638
22 38849668 0.3353
22 38851477 2
22 38859869 1.5503
22 38865130 2
22 38887201 0.855714261016183
22 38892849 2
22 38894133 1.0424496251407
22 38894949 0.221735563289316
22 38896462 0.339657270775555
22 38897799 1.45944230735851
22 38898061 1.3694610165107
22 38898639 2
22 38899174 0.6797
22 38902425 0.6984
22 38905409 0.387081847916908
22 38905958 0.698815933887977
22 38906169 0.281667529171332
22 38918190 1.3461
22 38921099 1.4194
22 38927159 1.2499
22 38929675 0.9437
22 38942332 0.1716
22 38959410 0.2856
22 38961576 1.0252
22 38970765 0.568748289549506
22 38977160 0.188989000892318
22 38982116 0.7999
22 38987913 1.18725127605926
22 38993947 0.342772964358099
22 38996803 2
22 39004846 0.0263
22 39008876 0.056494935978222
22 39009506 0.827227077652141
22 39012302 0.618629893901179
22 39033049 2
22 39033204 2
22 39037740 1.4560952575725
22 39037909 2
22 39063480 1.9275
22 39067810 2
22 39084658 2
22 39103758 2
22 39104277 2
22 39111680 0.5135
22 39112322 0.75
22 39122372 2
22 39126483 2
22 39133424 1.3952
22 39139203 2
22 39139787 2
22 39155562 1.36138872207481
22 39163293 0.143918444153284
22 39176953 1.5697
22 39189917 2
22 39190092 2
22 39190327 2
22 39194312 2
22 39194881 2
22 39197090 2
22 39198735 2
22 39199057 2
22 39203740 2
22 39204104 2
22 39210066 2
22 39210440 2
22 39211634 2
22 39211954 1e-04
22 39212992 2
22 39228763 2
22 39228895 2
22 39229315 2
22 39237617 2
22 39237744 0.1539
22 39296324 0.6897
22 39303460 1.9939
22 39304753 2
22 39304989 0.6316
22 39312352 0.6023
22 39316329 0.7647
22 39319257 2
22 39320336 0.7187
22 39322374 0.7533
22 39329275 0.6316
22 39333244 0.6316
22 39336660 2
22 39353067 0.8548
22 39379578 0.299857231307289
22 39381249 1.32388757978211
22 39394186 2
22 39403784 2
22 39438097 2
22 39440967 2
22 39448569 2
22 39459570 2
22 39476068 2
22 39477932 2
22 39501158 0.2365
22 39506470 2
22 39507435 0.0797968569520546
22 39512739 2
22 39555177 1.2796
22 39570089 2
22 39571780 0.192416753839422
22 39577521 2
22 39579909 1.11462809252285
22 39589585 1.10812414813641
22 39596168 5e-04
22 39601625 0.4626
22 39615268 0.499324310332843
22 39617862 0.4626
22 39622207 1.32600001321488
22 39631651 0.0700053955823956
22 39647162 3.124
22 39652553 0.1764
22 39653095 0.878376578047674
22 39662994 1.08301916289957
22 39674745 0.766560690821909
22 39681483 0.10294927062137
22 39695542 0.0522
22 39706454 0.461877843806506
22 39747977 2
22 39750151 2
22 39918156 0.3909
22 39922194 2
22 39951812 1.43023116654891
22 39958977 2
22 39967544 2
22 39978051 2
22 40007376 5e-04
22 40009927 2
22 40023150 2
22 40077765 2
22 40079322 0.5105
22 40100516 2
22 40132954 6e-04
22 40138462 0.206501030639278
22 40139727 0.0776
22 40143375 1.17563082349128
22 40149793 2
22 40154861 1e-04
22 40167800 2
22 40175495 2
22 40207399 2
22 40207420 4.1858
22 40207421 1e-04
22 40207424 1e-04
22 40217278 2
22 40221762 3e-04
22 40223704 2
22 40235433 2
22 40236768 2
22 40240072 1.09195402601751
22 40258272 2
22 40262521 0.116924884112573
22 40277681 0.337069947084956
22 40277995 1.30881612247952
22 40327705 2
22 40340984 2
22 40343112 2
22 40344071 2
22 40354608 2
22 40382227 2
22 40385158 2
22 40388274 2
22 40403250 1.739
22 40469413 0.135566984690596
22 40531131 0.259474726716462
22 40547028 1.44172461714877
22 40549066 0.620188736195132
22 40574440 2
22 40600009 2
22 40620343 2.4218
22 40653495 5e-04
22 40682469 2
22 40688631 2
22 40690493 2
22 40714020 2
22 40714132 0.0720839394051526
22 40727791 2
22 40730124 2
22 40732026 0.769363818517374
22 40735961 0.182414660415309
22 40761326 0.560158406204249
22 40763762 6e-04
22 40770131 2
22 40812358 2
22 40821800 5e-04
22 40915420 1.66302864309594
22 40991485 1.7171
22 41001196 2
22 41017636 2
22 41038154 2
22 41040438 2
22 41044057 2
22 41047873 2
22 41053803 2
22 41062780 2
22 41100842 2
22 41115172 2
22 41116454 2
22 41123358 2
22 41123756 2
22 41125713 2
22 41153005 2
22 41155035 2
22 41169823 2
22 41171531 2
22 41202929 2
22 41210275 2
22 41215236 2
22 41223346 2
22 41231771 2
22 41232136 2
22 41244094 2
22 41258564 2
22 41279800 2
22 41281237 2
22 41283520 2
22 41294651 2
22 41296577 2
22 41402516 0.0267496064942105
22 41404878 2
22 41419526 0.200533395499335
22 41421302 2.81053305827813
22 41422272 1.85284029205319
22 41434704 1.6404
22 41494561 0.382740600407538
22 41544868 0.0659071087624341
22 41637962 1.00057750405766
22 41650118 0.689867681390228
22 41672465 1.13897978353714
22 41676531 0.368255415155165
22 41680637 2.32410397820697
22 41703684 0.777945360773599
22 41716595 1.15750568662673
22 41736884 1.05219177278381
22 41737548 0.0494485821055642
22 41738786 0.060678149413594
22 41739747 0.374679123895425
22 41744789 0.647071145948284
22 41774931 2
22 41780055 2.0889659200254
22 41802089 2
22 41803043 2
22 41814593 2
22 41821326 2.8109
22 41838465 0.0076
22 41840333 2
22 41856585 0.9957
22 41863520 1.3597
22 41889701 2
22 41898172 1.3076
22 41917991 1.4237
22 41924543 1.4103
22 41934225 0.878
22 41934719 5e-04
22 41937404 0.5306
22 41938949 0.878
22 41944840 0.878
22 41946866 1.4237
22 41947769 1.33709811112086
22 41950471 2
22 41957404 1.1191
22 41962346 2
22 41988167 0.133148351490947
22 41992822 0.310320340489173
22 42006476 0.590294165737096
22 42010367 1.19045292189614
22 42047784 1.4107
22 42047904 0.427115395379841
22 42067362 2
22 42075770 0.2457
22 42084180 2.1967
22 42089667 0.743581541404329
22 42095475 2
22 42100502 0.0304894512063882
22 42100975 0.5962
22 42101111 0.0263
22 42105213 0.5962
22 42119736 0.5962
22 42125924 0.205098271464657
22 42138066 0.0222
22 42141186 0.0222
22 42142884 2
22 42144602 2
22 42145284 2
22 42151764 2
22 42155833 1.45219945540315
22 42183303 1.98016341323379
22 42188383 2
22 42207808 0.922247362500838
22 42216291 1.3305
22 42224934 0.611300120943995
22 42227252 2
22 42249196 2
22 42255215 0.2831
22 42255491 0
22 42255530 2
22 42276118 2
22 42303600 2
22 42311578 2
22 42314046 2
22 42318651 2
22 42323965 5e-04
22 42324576 2
22 42332162 2
22 42350711 1.48518952436189
22 42350871 0.00462475583288787
22 42351430 0.172839981432005
22 42352451 1.07809528224734
22 42370777 1.9331823299069
22 42386096 1.3418
22 42398320 2
22 42398363 2
22 42398683 1.3477
22 42422971 0.249794755974423
22 42424347 0.7774
22 42424421 2.16438581154922
22 42441074 2
22 42458563 0.7964
22 42465607 2
22 42470421 2
22 42472077 2
22 42474175 2
22 42478775 2
22 42484955 2
22 42485306 2
22 42486138 1.355
22 42489449 2
22 42491558 0.5175
22 42516495 0.1298
22 42523997 0.0274
22 42537620 0.2439
22 42576479 0.787248607034923
22 42582993 1.9353
22 42589792 0.644285315858717
22 42596530 2
22 42613753 0.452014388417799
22 42619710 1.6942
22 42629944 0.15829929861469
22 42630610 0.1979
22 42650460 0.7217
22 42650511 0.5883
22 42651279 0.5736
22 42651534 0.69
22 42665604 0.4341
22 42676984 1.36378634612813
22 42689921 2
22 42692965 2
22 42698459 2
22 42705460 0.1164
22 42706084 1.2809
22 42725962 1.8808
22 42751289 1.08116085767628
22 42759887 0.753239828626188
22 42761318 2
22 42764750 1.40305951155744
22 42765836 2
22 42767629 0.0676989564833646
22 42769099 2
22 42774103 1.2626
22 42777737 2
22 42795362 0.7982
22 42795518 2.5787
22 42816775 0.7804
22 42823830 0.1591
22 42840122 0.0841
22 42844997 1.0988
22 42849339 0.0838
22 42853087 0.1591
22 42854608 1.0988
22 42871825 0.7804
22 42871935 0.0838
22 42878361 0.0838
22 42885575 0.1591
22 42889303 0.1722
22 42890870 0.1722
22 42900468 0.1722
22 42901674 0.1722
22 42931575 0.1722
22 42932413 0.0838
22 42934401 2.6902
22 42947619 0.9276
22 42962486 0.072
22 42967113 0.840631102835836
22 42969922 0.373541982121194
22 42971835 5e-04
22 42975622 0.0603
22 42979135 0.1722
22 42983367 0.072
22 42983486 0.840764510777776
22 43005766 0.0603
22 43010667 0.0603
22 43012934 0.1722
22 43033534 0.8938
22 43036860 1.8181
22 43062012 2
22 43064453 0.2898
22 43066116 2
22 43066382 2
22 43071428 0.3115
22 43077428 2
22 43079122 0.0263
22 43083718 0.3115
22 43102155 2
22 43103020 0.34002399777336
22 43103966 1.348
22 43107335 1.0542
22 43107348 1.1949
22 43109689 0.9709
22 43127994 0.188
22 43132787 2
22 43136098 0.0843644506447936
22 43137421 2
22 43140187 0.9705
22 43150373 5e-04
22 43154546 2
22 43177380 0.242
22 43177383 0.3112
22 43183702 0.118933369291632
22 43185281 5e-04
22 43188625 0.8635
22 43190902 1.3398
22 43191484 0.258569174139704
22 43192594 1e-04
22 43197871 2
22 43203911 2
22 43205759 5e-04
22 43212016 2
22 43218772 2
22 43237394 0.0896
22 43276683 0.5928
22 43289202 0.912885088589346
22 43293536 0.1215
22 43303000 0.096
22 43308075 0.0222
22 43310767 0.4248
22 43316530 1.0759
22 43320267 1.6996
22 43321191 2.15871264233236
22 43361169 1.1855624332235
22 43386262 5e-04
22 43390013 0.496335015206983
22 43393211 0.301980241701572
22 43411714 0.819
22 43415773 0.718897043872519
22 43417447 0.235
22 43421475 1.45428441095787
22 43429612 1.739
22 43457628 1.4659
22 43480531 0.6599
22 43485568 0.5338
22 43492359 0.7378
22 43494176 0.3193
22 43495848 1e-04
22 43496698 5e-04
22 43497125 1.6637
22 43499780 1.17391364412976
22 43554526 0.549
22 43593066 0.5252
22 43617436 2
22 43620364 0.549
22 43633480 1.78633749026298
22 43638054 0.549
22 43640528 0.549
22 43660092 2.26108530227574
22 43667735 2.3135
22 43669646 2
22 43673212 1.75134416744226
22 43675344 5e-04
22 43676735 1.64681831678165
22 43717933 1.71428494713622
22 43720350 0.8323
22 43722529 0.7083
22 43763240 2.3135
22 43764420 2.8001
22 43769471 2
22 43775324 2
22 43776596 2.7095
22 43784419 2.0562
22 43784572 0.473565823777326
22 43784574 0.1358
22 43790495 1.3719
22 43795643 0.628037844107869
22 43797435 2.6853
22 43834985 0.293
22 43848119 0.705074156169617
22 43852624 0.8672
22 43853597 1.40983846347188
22 43854025 0.111936902966302
22 43869443 0.434401117398598
22 43885281 0.101873860468209
22 43885727 0.206055984052217
22 43894624 1.19046812140258
22 43903262 1.7669
22 43906467 2
22 43919983 0.286322037605466
22 43927042 1.3119
22 43927090 1.0759
22 43928075 0.5111
22 43931393 0.6571
22 43938088 0.5972
22 43939451 0.5972
22 43940616 0.5972
22 43945786 0.5972
22 43950399 1.9316
22 43980455 2
22 43980610 1.9128
22 43983685 0.5181
22 43990401 1.5976
22 43992052 2
22 44003071 1.6062
22 44005244 0.5456
22 44014854 2
22 44025683 2
22 44028769 2
22 44035857 0.0128440227698447
22 44062192 2.42850926705867
22 44064267 2.41713978380717
22 44068102 0.1252
22 44068507 2
22 44085419 2
22 44092196 0.7931
22 44092916 0.7623
22 44102254 0.9067
22 44122520 6e-04
22 44125558 1.0836
22 44131197 0.393
22 44134964 2
22 44144511 0.2693
22 44153697 0.6236
22 44157125 0.8483
22 44164959 0.292107480830293
22 44164993 1.41576794703548
22 44169454 0.4109
22 44175946 2
22 44184907 2
22 44186256 0.3461
22 44198329 2
22 44199959 2
22 44205074 2
22 44216182 0.4752
22 44217682 2
22 44224913 2
22 44227944 2
22 44245706 1.2937
22 44252213 1.2395
22 44253426 2
22 44253498 1.8869
22 44260609 2
22 44261100 2
22 44268349 1.7664
22 44271977 0.802604341835524
22 44281767 0.907114064153681
22 44289495 5e-04
22 44295289 1.0759
22 44298796 2
22 44306592 0.0737
22 44309215 0.155089728819862
22 44309389 2
22 44327189 2
22 44329310 2
22 44330660 0.7027
22 44334834 2
22 44344647 2
22 44353046 0.1199
22 44356126 0.227285050909221
22 44365134 1.0401
22 44367872 1.2019
22 44371590 0.5219
22 44395824 0.9441
22 44400959 0.0132
22 44425197 2
22 44429399 0.52164997637819
22 44436777 2
22 44438629 2
22 44438813 2
22 44442026 2
22 44445937 0
22 44449043 2
22 44480544 2
22 44486088 2
22 44486351 2
22 44492325 2
22 44493462 1.0663
22 44496030 1.5275
22 44510256 2
22 44519323 2
22 44527739 2
22 44530138 0.0901313343826719
22 44531001 2
22 44532202 2
22 44533552 2
22 44534791 2
22 44534821 2
22 44538659 1.12944950395171
22 44538972 2
22 44539623 2
22 44553713 0.770138227082289
22 44555825 0.421813143295091
22 44556081 2
22 44559153 0.20756994484847
22 44583710 2
22 44591284 2
22 44600335 0.261369381260925
22 44602071 2
22 44604588 2
22 44610704 2
22 44611928 0.158554061442612
22 44614046 2
22 44614111 2
22 44614435 2
22 44618978 1.54904523682318
22 44619587 1.0424475355571
22 44635774 0.0078
22 44637833 0.169243227745248
22 44653889 0.0897
22 44655081 2
22 44665944 2.7865
22 44667250 2
22 44669881 2
22 44674291 1.9761
22 44679241 0.0245
22 44680400 1.498
22 44682563 1.4894
22 44683357 1.4894
22 44695495 1.1534
22 44701024 0.526250886599243
22 44706877 0.578520597318795
22 44720561 1.52735467873014
22 44732844 2.23582270820997
22 44735582 1.70884696293009
22 44756663 0.9541
22 44763731 0.8586
22 44779654 0.0762
22 44779803 0.0762
22 44784770 0.0464
22 44786327 2
22 44798212 2
22 44800238 2
22 44801232 1.21475220283243
22 44829367 1.2094
22 44831104 2
22 44831287 1.592
22 44831292 1.592
22 44835817 1.4813
22 44837085 1.1733
22 44846011 2
22 44850385 0.9876
22 44850591 2.3843
22 44857353 0.8013
22 44859899 0.8205
22 44865717 0.8205
22 44866910 0.820540418614639
22 44872557 0.123992864255167
22 44881904 0
22 44882029 1.10957925542123
22 44883440 2
22 44888017 1.0059
22 44911853 0.3303
22 44924329 0.54460214604095
22 44924618 2
22 44925683 1.95154806994452
22 44928537 0.744200975047526
22 44970800 1.2086
22 44982062 2.27443000632738
22 44982902 0.0897
22 44986730 2
22 44994396 0.818374332922293
22 44998859 2
22 45001626 0.9523
22 45002362 0
22 45019951 0.76764011730758
22 45031516 1.1631
22 45032330 1.5639
22 45032593 1.1631
22 45033734 2
22 45039738 2
22 45040918 2
22 45050993 0.3922
22 45051033 2.9991
22 45052056 1.4563
22 45056243 2
22 45080902 2
22 45082459 2
22 45085500 2.6444
22 45093339 2
22 45093550 2
22 45112241 0.263512600508233
22 45116477 0.735264548256247
22 45117181 1.29886919756341
22 45120355 2
22 45122458 2e-04
22 45124169 2
22 45124896 2
22 45131934 0.337755673936895
22 45135395 2
22 45137781 0.33530080998015
22 45142540 0.0973765107242732
22 45163303 2
22 45164826 2
22 45169487 2
22 45181491 4.3148
22 45184278 2
22 45206692 0.754462584691668
22 45210217 2
22 45210625 2
22 45215173 2
22 45216670 1.1738
22 45218922 1.1738
22 45226803 2
22 45229055 6e-04
22 45232749 2
22 45235555 2
22 45248620 2
22 45249418 1.1209
22 45251185 2
22 45257736 2
22 45262397 1.3932
22 45264474 1.3932
22 45265297 1.3932
22 45266592 1.3932
22 45271841 1.221
22 45278859 2
22 45279765 2
22 45282208 2
22 45283431 2.5175
22 45286663 2
22 45287820 2.6381
22 45288857 2
22 45297997 0.0273
22 45311639 0.6025
22 45325013 0.6025
22 45327961 0.7869
22 45340553 0.26
22 45341409 0.4879
22 45349527 0.1698
22 45349558 0.0886
22 45352220 3.8885
22 45353261 2
22 45356048 0.6819
22 45376716 1.102
22 45378200 2
22 45386262 1.1443
22 45388564 2.4519
22 45404670 2
22 45421545 1.9313972799012
22 45421920 0.7136
22 45428041 0.7668
22 45434841 2.7977
22 45434867 0.7136
22 45436539 0.4325
22 45438226 5e-04
22 45439871 0.776037344430613
22 45441152 1.3516
22 45456045 3.1148
22 45458736 3.1148
22 45460720 1.5495
22 45464950 2
22 45469053 2
22 45483054 0.5602
22 45501791 0.680158663415505
22 45507688 1.49502619263605
22 45508139 2.0054
22 45513646 0.562497419275478
22 45519356 1.23932292383699
22 45519760 2
22 45522997 2
22 45526556 5e-04
22 45529552 2
22 45536129 2
22 45537619 2
22 45542966 2
22 45544276 2
22 45567914 0.2468
22 45570619 0.692961353990382
22 45573551 2
22 45581682 1.3289
22 45585624 0.1649
22 45586903 1.3165
22 45587117 0.1238
22 45592487 0.1804818136917
22 45593704 1.2814
22 45596059 1.8328
22 45601888 1.8857
22 45604058 0.782721925758089
22 45607198 1.8857
22 45614314 2
22 45618478 2
22 45635786 2
22 45644182 1.58344342660788
22 45683335 2
22 45698083 2
22 45720392 1.48312807127852
22 45725350 2
22 45740731 5e-04
22 45753315 0.9492
22 45756075 2
22 45758523 1.6653
22 45767118 2
22 45771823 2
22 45773484 2
22 45804957 0.479
22 45814242 2.009
22 45822521 0.9492
22 45828197 2
22 45839581 0.4343
22 45840545 2
22 45860215 2
22 45864460 2
22 45877949 1.0482
22 45891892 0.0519
22 45897867 2
22 45900232 2
22 45908152 2
22 45932960 5e-04
22 45933938 2
22 45957723 1.5288
22 45959093 2.0283
22 45968281 2
22 45979729 1.32285048273201
22 45991091 2
22 45991991 2
22 46004876 2
22 46005855 2
22 46008514 2
22 46010590 2
22 46032426 0.4909
22 46046408 2
22 46060819 2
22 46067551 2
22 46073759 2
22 46079585 2
22 46110529 2
22 46112056 2
22 46120260 2
22 46120886 2
22 46129914 2
22 46195948 1.3054
22 46208899 0.0263
22 46230799 0.702416779960232
22 46341899 1.0923
22 46364806 2
22 46367197 2
22 46368380 0.643129510056709
22 46372392 2.0299
22 46387048 0.80715676193797
22 46404242 0.311789520964431
22 46411060 0.223292023979619
22 46416835 1.3938
22 46420984 1.79146772575162
22 46422545 1.35971215510014
22 46423899 0.4035
22 46432457 0.103495198559357
22 46439441 2
22 46462186 2
22 46463240 2
22 46463408 2
22 46468198 2
22 46476784 0.475772439780193
22 46476862 0.0266179487668384
22 46478561 2
22 46478574 1.76358682392254
22 46478711 0.0053
22 46481007 2
22 46482342 2.09288386259668
22 46492501 2
22 46500437 1.45299728345907
22 46501237 2
22 46503118 2
22 46504042 1.05361396165515
22 46504256 0.803469788648889
22 46505118 2.77835067585507
22 46505628 0.781248370082029
22 46508376 2
22 46509055 1.12922155160776
22 46511719 0.663654589339642
22 46520415 2
22 46524379 0.657046878639914
22 46526333 1.60385607354308
22 46528699 1.18331071834051
22 46530157 2
22 46532369 0.499667045764813
22 46543361 2
22 46544224 2
22 46545870 2
22 46550812 2
22 46551121 2
22 46552345 2
22 46553503 0.0273
22 46560143 0.0273
22 46566536 1.1221
22 46576935 1.0249
22 46587708 0.4159
22 46589890 0.0718
22 46593371 0.0606
22 46595100 0.3414
22 46597647 2
22 46598368 2.17
22 46606895 0.1106
22 46608251 0.1106
22 46608377 0.0789
22 46610257 0.1106
22 46612841 0.1106
22 46614167 0.0789
22 46615661 0.582379527444056
22 46617092 2
22 46617258 0.2431
22 46627232 1.483
22 46630570 2
22 46635460 0.8876
22 46637731 2
22 46648847 0.815819423050202
22 46654490 1.122
22 46680671 5e-04
22 46681180 2.2967
22 46685958 0.652
22 46693203 0.6413
22 46693213 2
22 46698793 0.79175941642276
22 46704255 1.84
22 46707615 1.28979984050917
22 46710050 2
22 46715641 0.9995
22 46716499 0.9995
22 46724770 2
22 46725787 2.978
22 46729577 0.12705413896607
22 46730787 1.1063
22 46742938 0.859
22 46745497 0.859
22 46746771 1.539
22 46765610 2
22 46789310 2.8716
22 46800627 2
22 46812329 2
22 46818168 2
22 46818878 2
22 46821113 2
22 46828584 2
22 46841850 1.53281661842826
22 46849062 0.0222027921915796
22 46858686 1.23458331698567
22 46892295 0.0104394963130809
22 46892530 0.370377679965766
22 46896930 3.8539
22 46897172 1.6898
22 46905847 2
22 46905893 2
22 46905960 2
22 46906090 2
22 46906706 2
22 46906837 2
22 46909986 2
22 46917373 1.0542
22 46925981 0.8072
22 46927503 2
22 46945349 2
22 46949514 2
22 46949819 2
22 46952938 2
22 46957619 2
22 46959450 2
22 46959687 2
22 46960713 0.32663651493163
22 46969305 2
22 46974447 2
22 46980977 1.7328
22 46992857 1.2945
22 46994774 1.2742
22 46998242 1.6592
22 47001393 0.0263
22 47017455 1.3153
22 47041912 0.858513768296736
22 47042276 1.83585075903062
22 47044805 0.24964662023105
22 47044874 0.232496449330182
22 47045305 0.223145106211119
22 47047474 1.20078272025268
22 47049016 1.34159038421192
22 47049341 0.00605119979983761
22 47050727 2
22 47053116 2
22 47054772 2.3009
22 47063124 0.6312
22 47063943 2.995
22 47067589 0.6148
22 47070840 0.196161806663081
22 47076429 0.360722945171976
22 47077842 0.0534858095209984
22 47091351 0.7555
22 47093182 3.0816
22 47093310 0.6148
22 47094789 0.6148
22 47096317 0.6615
22 47108309 2
22 47123708 2.02749883344415
22 47132518 2
22 47135338 1.02314440094936
22 47141119 2
22 47151499 2
22 47170239 2
22 47170894 2
22 47199845 2
22 47204061 0.5671
22 47208197 0.5671
22 47211998 0.6165
22 47215790 0.5671
22 47225386 2.08912585431202
22 47227252 1.17557545984141
22 47235741 0.5072
22 47235915 0.24
22 47238239 0.4297
22 47248000 0.330435258685615
22 47250301 0.278207010890867
22 47255664 1.9413
22 47256298 0.575570116030642
22 47266131 2
22 47292477 0.530265943988931
22 47297890 2
22 47302923 2
22 47305576 0.887928012714899
22 47308604 0.9788
22 47313730 0.0263
22 47320121 1.3053
22 47333549 2
22 47337376 5e-04
22 47350383 1.2162
22 47353442 3.9549
22 47367280 2
22 47367339 2
22 47370907 0.7735
22 47373549 2
22 47373962 2
22 47375946 5e-04
22 47377168 0.8225
22 47390235 2
22 47393092 2
22 47394305 2
22 47400256 1.776
22 47400888 2
22 47407060 2
22 47408866 2
22 47431617 2
22 47440784 2.1797
22 47441261 0.6818
22 47441979 2.1797
22 47456294 1.87321665273454
22 47476941 2
22 47478559 0.7259
22 47480427 2
22 47489649 2
22 47512828 1.5649
22 47520504 2
22 47531296 2
22 47536108 2
22 47542142 2
22 47574788 0.162861881485068
22 47592785 2
22 47595835 0
22 47600577 0.280961069111381
22 47600679 5e-04
22 47614949 0.482021657432376
22 47650019 0.452828903804233
22 47679992 1.31012101439162
22 47682120 0.6575
22 47690317 0.0546630740319562
22 47707010 1.05344418465748
22 47707126 0.591363914398733
22 47714087 0.789888597662791
22 47728261 0.234119594175705
22 47733253 0.0053
22 47734859 0.3747
22 47747228 2
22 47747339 1.8458
22 47747848 0
22 47752509 2
22 47784472 0.573814548065192
22 47784597 1.13376254539452
22 47792504 2
22 47794589 2
22 47809922 1.53920205626118
22 47815659 2
22 47817786 1.3534
22 47818155 2
22 47819836 0.691013122672947
22 47826448 2
22 47856478 2
22 47878287 2
22 47881207 1.4706
22 47912857 1.4563
22 47913069 2
22 47913616 0.391889762452093
22 47917678 1.0038
22 47928274 2.9807
22 47940123 0.229891248126085
22 47945303 2
22 47967274 2
22 47970690 3.1148
22 47975382 2
22 47986281 0.9693
22 47997145 0.356968864918582
22 48000193 1.49063570147052
22 48008771 2
22 48009275 2
22 48010096 2
22 48017081 2
22 48021775 0.18110680988719
22 48024732 1.4722
22 48032692 1.4784
22 48050984 1.15344446026961
22 48053590 0.8765
22 48073234 2
22 48074961 2
22 48077455 2
22 48077483 2
22 48083813 2.1189
22 48086933 2e-04
22 48089632 2.5639
22 48111075 2.20907302515788
22 48118760 0.6673
22 48123977 2
22 48125968 2
22 48127950 0.992513073193213
22 48149151 2
22 48161681 2
22 48167838 2.5871
22 48172768 0.569103324955321
22 48173853 2
22 48174048 2
22 48175636 2
22 48195821 2
22 48216101 2
22 48237817 2
22 48241244 0.269148868545993
22 48248978 0.089
22 48267847 2
22 48280929 2.8716
22 48284256 1.0369
22 48285323 0.442251428255091
22 48295903 0.8905
22 48302420 2.8716
22 48306099 2
22 48310762 2
22 48329432 0.403266214922579
22 48337873 0.916219807187652
22 48338762 0.0499010914314016
22 48341827 0.230564111043934
22 48358128 1.2984
22 48365373 0.0075
22 48371834 2
22 48420172 0.395382232902504
22 48427380 0.957900959330685
22 48427854 0.278695055404481
22 48436981 2
22 48453534 0.106
22 48464615 2
22 48465699 0.0059
22 48471605 0.9869
22 48472243 2.3674
22 48484551 1.3083
22 48484815 2
22 48487660 2
22 48493735 0.954
22 48502439 2.4476
22 48518690 1.76286338487032
22 48522638 1.50630441049544
22 48526013 0.0688954610725294
22 48528350 0.162244253302106
22 48532555 1.0962302597747
22 48533425 0.731983205919143
22 48584637 2
22 48599998 2
22 48607007 2.1799
22 48610711 0.0674
22 48614936 0.597202602252769
22 48615889 1.01542421287717
22 48622063 2
22 48623452 0.114833250966999
22 48649614 2
22 48649958 2
22 48651603 0.1756
22 48652673 0.6415
22 48657527 0.2223
22 48661467 0.8759
22 48662636 1.0038
22 48663345 1.18323460575838
22 48665204 0.188827476488081
22 48679039 1.1608
22 48680201 0.5862
22 48683150 1.6134
22 48683365 2
22 48688809 2
22 48690424 2
22 48690630 2
22 48690843 2
22 48693879 2
22 48697155 2
22 48706662 2
22 48708597 2
22 48710871 2
22 48711195 2
22 48712780 2
22 48715700 2
22 48719627 2
22 48724162 2
22 48729288 2
22 48736194 0.3907
22 48753858 2
22 48767192 0.9174
22 48774814 0.627729961411617
22 48775157 0.8886
22 48776912 0.8886
22 48777809 0.8886
22 48794178 0.0384
22 48794219 0.0269
22 48805892 2
22 48809686 2
22 48813764 1.61115040185148
22 48822666 2
22 48843578 2.0309
22 48845805 0.0217
22 48847281 2
22 48848054 1.8827
22 48853225 1.8827
22 48857892 1.59885449404601
22 48875745 2.42174370794848
22 48883065 1.59292540614615
22 48886730 2
22 48894004 0.0107
22 48896987 0.8926
22 48897756 1.10883070542612
22 48906175 2
22 48910109 1.7912
22 48911238 5e-04
22 48912113 0
22 48912520 2
22 48912690 6e-04
22 48928462 0.9371
22 48929912 0.8506
22 48931858 0.1457
22 48938196 0.47483764620094
22 48939710 2
22 48941785 2.4855
22 48942974 2
22 48944199 0.237629234644648
22 48945646 2
22 48946561 2
22 48953580 0.1024
22 48957613 2
22 48959634 2
22 48962115 0.0757
22 48962941 2
22 48964785 2
22 48971142 2
22 48975351 2
22 48976240 2
22 48976560 2
22 48983455 2
22 48998499 2
22 49014144 0.611676188825683
22 49021023 1.1478
22 49022836 2.33792303353062
22 49038323 1.4389
22 49038435 0.5989
22 49043259 2
22 49054319 2
22 49057733 0.524259757201863
22 49064779 1.4736
22 49067511 0.429115335563351
22 49069642 2
22 49071223 5e-04
22 49071245 1e-04
22 49071267 1e-04
22 49072876 1.23199551101819
22 49074810 0.0962305560403698
22 49089430 0.4669
22 49100803 2
22 49100846 0.6157
22 49107728 0.7553
22 49110955 0.6157
22 49112780 2
22 49113802 2
22 49116073 2
22 49118916 0.1082
22 49118951 0.694908219784146
22 49137673 2
22 49151320 1.04953145245172
22 49152701 2
22 49155611 2
22 49156211 2
22 49156866 1.84531554564815
22 49161068 0.828908191043083
22 49164699 0.504165287978297
22 49164844 0.244
22 49166146 2.14829710665005
22 49168026 2
22 49169778 2
22 49170500 2
22 49175604 2
22 49176748 2.8396
22 49177264 2
22 49177468 0.0363614954811717
22 49177702 2
22 49178902 2
22 49181945 0.2366
22 49183215 2
22 49195477 0.694765091291874
22 49197835 0.2534
22 49198330 0.4504
22 49199334 2
22 49199634 2
22 49199888 2
22 49200495 2
22 49201280 0.2392
22 49205704 5e-04
22 49208168 0.283106455532838
22 49211155 1.08059599193435
22 49211554 1.62684753502968
22 49213195 0.0316
22 49216806 2.33443602099439
22 49217214 2.08678093638832
22 49222342 0.448606795323785
22 49224539 1.86324329806723
22 49238147 0.2254
22 49239315 1.0505
22 49239395 1.1775
22 49239412 0.212
22 49240346 0.63401077591538
22 49256216 2
22 49262876 2
22 49266398 2
22 49266623 0.275688598608536
22 49272211 2
22 49286151 0.120406620586992
22 49310652 1.94192845825353
22 49312908 0.4795
22 49316836 1.70759608589456
22 49328060 0.8472
22 49338089 2
22 49341374 0.8572
22 49363688 2
22 49380202 0.931837993618883
22 49387085 0.196552604463501
22 49388419 0.799971324977576
22 49391461 0.87
22 49391983 0.6621
22 49395266 0.6621
22 49395287 0.517652414312256
22 49396504 0.6621
22 49396567 0.6621
22 49400902 0.6621
22 49402495 1.1928
22 49402530 2
22 49402743 2
22 49403272 2
22 49403537 2
22 49403652 2
22 49404256 2
22 49405381 2
22 49405778 2
22 49410443 2
22 49429744 0
22 49430237 1.8617
22 49435708 2
22 49439511 2
22 49440254 1.3022
22 49445285 1.6653
22 49447038 0.31774915091949
22 49449268 1.43988470564514
22 49465274 2
22 49478606 1.46560504434936
22 49482244 1.1109
22 49494504 5e-04
22 49494707 0.7081
22 49495310 2
22 49507762 0.4414
22 49509320 0.6916
22 49520530 2
22 49527430 1.7255
22 49528297 0.974591691785391
22 49531010 0.112473541217123
22 49533683 2
22 49539643 0.0444
22 49551343 0.8013
22 49569401 0.0502
22 49574220 2
22 49607643 0.316713869385047
22 49624991 0.320946203053629
22 49625850 0.95025274357191
22 49658959 1.93883970273779
22 49663468 1.12511644096733
22 49663743 0.0835495247264359
22 49664913 0.919329902686344
22 49665892 0.693452389714757
22 49677296 0.0386
22 49678169 5e-04
22 49688206 0.0386
22 49691562 2
22 49694037 0.0255095742425659
22 49700562 2.8678
22 49702701 2
22 49703966 1.57563664122066
22 49707049 1.3675
22 49708823 1.3339
22 49719794 2
22 49729643 1.9814
22 49750885 0.44
22 49752434 1.6022
22 49755045 0.0217
22 49765424 1.3401
22 49774616 1.1861
22 49834439 1.1861
22 49835515 1.1383
22 49838449 1.1383
22 49890657 0.1166
22 49895922 1.1861
22 49896798 5e-04
22 49899507 5e-04
22 49901872 2
22 49904470 1.8942
22 49925522 1.1383
22 49928273 1.0158
22 49945599 0.3662
22 49945628 5e-04
22 49945733 2
22 49962654 2
22 49969542 2.2664
22 49973092 2.6185
22 49973849 1e-04
22 50008214 0.0386
22 50028744 5e-04
22 50029556 2
22 50031116 2
22 50048886 0.560040948354592
22 50059747 1.1376
22 50063459 1.0944
22 50066058 1.0944
22 50068590 1.0944
22 50074188 2
22 50075285 2
22 50085821 0.0739337984530782
22 50094353 0.8049
22 50099253 0.781
22 50105417 0.8049
22 50111984 2
22 50116870 0.0721
22 50120076 2
22 50130134 0.781
22 50137205 0.8562
22 50139184 0.781
22 50140074 0.781
22 50142475 0.781
22 50144592 2
22 50144828 2
22 50145832 1.8275
22 50147166 0.788
22 50153435 0.973536865085598
22 50159037 2
22 50166276 2.0488
22 50179455 2
22 50194076 2
22 50194440 1.4544
22 50196522 1.946
22 50199273 1.0038
22 50199657 2
22 50200073 1.86225421048224
22 50200524 1.3021898685291
22 50211116 0.503653172264749
22 50213998 0.3198
22 50223608 0.1969
22 50249226 0.260822059247498
22 50249231 0.130287552952481
22 50258690 1.49807878449813
22 50270797 1.7693
22 50271558 1.13475845157747
22 50276600 0.65290128507425
22 50282574 0.5481
22 50299300 0.689402534604836
22 50305081 2
22 50307888 2
22 50308183 1.8589
22 50315934 2
22 50318023 1.8124
22 50327413 2.5404
22 50331681 2
22 50335161 1.3072
22 50339320 2
22 50339748 1.00992368680619
22 50340504 9e-04
22 50342064 2.5508
22 50348547 2.5333
22 50349744 2.3085
22 50351029 0.1563
22 50356881 2.3665
22 50369304 2.3085
22 50370145 1.3569
22 50377452 2
22 50377876 2
22 50381695 2
22 50381696 2
22 50383906 2
22 50384708 2
22 50389726 2
22 50389998 2
22 50402425 2
22 50405692 0.996384117298054
22 50413519 2
22 50413928 2
22 50418508 2
22 50419691 2
22 50434536 2
22 50435923 2
22 50443367 0.0054
22 50445231 2
22 50456704 0.2629
22 50483265 0.192235610417525
22 50485439 2.234
22 50492373 2
22 50492853 2
22 50503556 1.50447211464598
22 50514306 1.571
22 50534112 1.4712417242999
22 50537644 1.61404805131292
22 50550768 2
22 50554183 1.7209
22 50558031 5e-04
22 50560544 2
22 50572686 1.81251712080473
22 50573882 1.23072100335936
22 50603141 2
22 50605189 2
22 50613951 0.780006019694074
22 50617157 2
22 50623623 0.0284764590852086
22 50629515 0.0344933353060639
22 50643505 1.05778546555958
22 50653300 1.81298591630901
22 50659336 0.60977571621092
22 50661004 1.25219958350341
22 50671564 0.097
22 50683826 5e-04
22 50685221 0.126522455145289
22 50712343 2
22 50712922 2
22 50713203 2
22 50735620 0.2143
22 50807078 2
22 50807906 0.724112796717981
22 50808272 5e-04
